5.583491773761318794e-04
-2.091494066332333715e-02
-3.780530330535159661e-02
-4.973025629145579052e-02
-5.604331276019224040e-02
-5.583628600081709525e-02
-4.789350596058372656e-02
-3.067465618679133046e-02
-2.339444492323880867e-03
3.920944422266569446e-02
9.628543203943212836e-02
1.713863546658298265e-01
2.671709022940694234e-01
3.864391436514386657e-01
5.321127265149222518e-01
7.072108446129958814e-01
9.148187111455752252e-01
1.158045884293035455e+00
1.439972339709303828e+00
1.763580516204767079e+00
2.131671512793949397e+00
2.546762787278455953e+00
3.010962519643465729e+00
3.525811772933575838e+00
4.092080672662476992e+00
4.709506149195518354e+00
5.376488494068135893e+00
6.089857225271471108e+00
6.844963248877628637e+00
7.636357243628252967e+00
8.458854952183815001e+00
9.308129415396477313e+00
1.018020909722221745e+01
1.107045469908470992e+01
1.197303610351994507e+01
1.288113087515728949e+01
1.378738350375985178e+01
1.468424055015808882e+01
1.556409422807761089e+01
1.641931725071000514e+01
1.724227084471274551e+01
1.802532762097762031e+01
1.876092265297306128e+01
1.944163276518590422e+01
2.006027805233438599e+01
2.061003593414181623e+01
2.108455641329082653e+01
2.147806815385416357e+01
2.178546881076671582e+01
2.200239719290831530e+01
2.212528798841295696e+01
2.215141120376602757e+01
2.207889818614222932e+01
2.190675564811380482e+01
2.163486832629412504e+01
2.126399055470601951e+01
2.079572699126585178e+01
2.023250276165815364e+01
1.957752352464252255e+01
1.883472619224276201e+01
1.800872121607861231e+01
1.710472756849090104e+01
1.612850167000883062e+01
1.508626160574819863e+01
1.398460804907408139e+01
1.283044330268755751e+01
1.163088984887980892e+01
1.039320976174985667e+01
9.124726205698509673e+00
7.832748169378421998e+00
6.524499432801198928e+00
5.207052592703703020e+00
3.887268879225760809e+00
2.571744248267459731e+00
1.266762140207684073e+00
-2.174687323262353839e-02
-1.288238536503756526e+00
-2.527581464104893705e+00
-3.735077022370964173e+00
-4.906472829893752774e+00
-6.037970202949495935e+00
-7.126226041238518327e+00
-8.168349603633359379e+00
-9.161894697116730768e+00
-1.010484786063345020e+01
-1.099561304789875749e+01
-1.183299336934787682e+01
-1.261617042530214050e+01
-1.334468174437905219e+01
-1.401839676902668863e+01
-1.463749186998663454e+01
-1.520242476992109992e+01
-1.571390873957953715e+01
-1.617288691198866246e+01
-1.658050696433960880e+01
-1.693809643508278384e+01
-1.724713886945225028e+01
-1.750925095039008639e+01
-1.772616076738970747e+01
-1.789968730719851564e+01
-1.803172124577517366e+01
-1.812420709420557330e+01
-1.817912670932947350e+01
-1.819848418504918186e+01
-1.818429210581929212e+01
-1.813855913348496429e+01
-1.806327889483119264e+01
-1.796042011665954163e+01
-1.783191795212742647e+01
-1.767966643840511054e+01
-1.750551201794435840e+01
-1.731124805413030643e+01
-1.709861027252590659e+01
-1.686927305460185522e+01
-1.662484651727681850e+01
-1.636687430685650568e+01
-1.609683204232621634e+01
-1.581612634484955571e+01
-1.552609438840391576e+01
-1.522800391772310036e+01
-1.492305367602312849e+01
-1.461237419076132760e+01
-1.429702887343326978e+01
-1.397801538425847134e+01
-1.365626722391742653e+01
-1.333265551556426942e+01
-1.300799093864655376e+01
-1.268302578813198878e+01
-1.235845612930833504e+01
-1.203492402287742102e+01
-1.171301979701093465e+01
-1.139328434970608939e+01
-1.107621146024153269e+01
-1.076225009587152215e+01
-1.045180670166021031e+01
-1.014524745814623330e+01
-9.842900501487852338e+00
-9.545058094359719192e+00
-9.251978741405837425e+00
-8.963889245989578924e+00
-8.680986699676461527e+00
-8.403440404296555144e+00
-8.131393722528205359e+00
-7.864965853960113051e+00
-7.604253538142836000e+00
-7.349332681808822265e+00
-7.100259910826388854e+00
-6.857074048855080761e+00
-6.619797521483823388e+00
-6.388437687805005538e+00
-6.162988101446620348e+00
-5.943429702373953738e+00
-5.729731940656028755e+00
-5.521853835571995717e+00
-5.319744971346652918e+00
-5.123346431739304485e+00
-4.932591676862478458e+00
-4.747407363093743449e+00
-4.567714109612706075e+00
-4.393427213882374005e+00
-4.224457317222840125e+00
-4.060711024641014077e+00
-3.902091479851169886e+00
-3.748498898197060836e+00
-3.599831060237378644e+00
-3.455983767108333993e+00
-3.316851260635134580e+00
-3.182326609819513763e+00
-3.052302065549018284e+00
-2.926669385588963390e+00
-2.805320131786654958e+00
-2.688145940943475587e+00
-2.575038770929717113e+00
-2.465891124161191161e+00
-2.360596249563803095e+00
-2.259048324161139210e+00
-2.161142615943071554e+00
-2.066775629739646458e+00
-1.975845236642479241e+00
-1.888250788278953429e+00
-1.803893217165475793e+00
-1.722675124305980576e+00
-1.644500854810855950e+00
-1.569276562332174274e+00
-1.496910263344212844e+00
-1.427311882153212252e+00
-1.360393287414481955e+00
-1.296068320450126432e+00
-1.234252816509353146e+00
-1.174864619497048235e+00
-1.117823590617799123e+00
-1.063051611557793041e+00
-1.010472582711398060e+00
-9.600124168931647439e-01
-9.115990290624035319e-01
-8.651623224999410722e-01
-8.206341715628849842e-01
-7.779484016582595141e-01
-7.370407666869689400e-01
-6.978489242147173366e-01
-6.603124086651702696e-01
-6.243726028066904910e-01
-5.899727078109187062e-01
-5.570577120585822328e-01
-5.255743589541008731e-01
-4.954711138146247196e-01
-4.666981301806955584e-01
-4.392072156034543262e-01
-4.129517970453832620e-01
-3.878868860797678453e-01
-3.639690439975505898e-01
-3.411563469156131956e-01
-3.194083509879561134e-01
-2.986860578696087787e-01
-2.789518804021115517e-01
-2.601696087231969989e-01
-2.423043768000693599e-01
-2.253226294397882301e-01
-2.091920898710084298e-01
-1.938817279302118279e-01
-1.793617288880501592e-01
-1.656034629556398241e-01
-1.525794555392097629e-01
-1.402633582158401282e-01
-1.286299205104554921e-01
-1.176549624696008600e-01
-1.073153480525435022e-01
-9.758895937712312729e-02
-8.845467181374196131e-02
-7.989232994913288144e-02
-7.188272442983179022e-02
-6.440756970147780425e-02
-5.744948263442099107e-02
-5.099196205791244052e-02
-4.501936920020419008e-02
-3.951690903326010584e-02
-3.447061253798463371e-02
-2.986731987850525794e-02
-2.569466449144057474e-02
-2.194105809297337145e-02
-1.859567660024901564e-02
-1.564844696950716194e-02
-1.309003494839025387e-02
-1.091183374457306218e-02
-9.105953605571863452e-03
-7.665212316741017336e-03
-6.583126610987405543e-03
-5.853904491783435207e-03
-5.472438471094019305e-03
-5.434299722059753208e-03
-5.735733148124358936e-03
-6.373653369747341209e-03
-7.345641630145583259e-03
-8.649943623957389444e-03
-1.028546825263330043e-02
-1.225178730979350344e-02
-1.454913609989122274e-02
-1.717841499722564877e-02
-2.014119195767249612e-02
-2.343970597087409458e-02
-2.707687148750356418e-02
-3.105628380961823753e-02
-3.538222546285685333e-02
-4.005967355748525638e-02
-4.509430815539548082e-02
-5.049252164527471415e-02
-5.626142914465566414e-02
-6.240887996778852337e-02
-6.894347010036971923e-02
-7.587455579340560141e-02
-8.321226822548014046e-02
-9.096752927639044362e-02
-9.915206842614317229e-02
-1.077784407962102675e-01
-1.168600463550507479e-01
-1.264111503120796121e-01
-1.364469047563449944e-01
-1.469833714266901015e-01
-1.580375458351516715e-01
-1.696273826164683696e-01
-1.817718221944491785e-01
-1.944908187549274081e-01
-2.078053695852160598e-01
-2.217375457510997738e-01
-2.363105241921422128e-01
-2.515486213092888446e-01
-2.674773277861068332e-01
-2.841233450786033732e-01
-3.015146232894612699e-01
-3.196804005789298797e-01
-3.386512440613565489e-01
-3.584590922750150455e-01
-3.791372991403955672e-01
-4.007206795281340606e-01
-4.232455565164786049e-01
-4.467498098508396742e-01
-4.712729263488343312e-01
-4.968560516857326026e-01
-5.235420437897924106e-01
-5.513755277142633471e-01
-5.804029520762105099e-01
-6.106726468597933888e-01
-6.422348827447051933e-01
-6.751419320032051585e-01
-7.094481300859102335e-01
-7.452099390765555276e-01
-7.824860119709031725e-01
-8.213372580831460601e-01
-8.618269092554290411e-01
-9.040205869246177306e-01
-9.479863695891037612e-01
-9.937948608329671973e-01
-1.041519257819812250e+00
-1.091235418724443296e+00
-1.143021930837892164e+00
-1.196960177480859144e+00
-1.253134404067807184e+00
-1.311631782598709384e+00
-1.372542474449175876e+00
-1.435959690508610276e+00
-1.501979748706667950e+00
-1.570702128481552551e+00
-1.642229519542362182e+00
-1.716667867336076680e+00
-1.794126411971257662e+00
-1.874717720795338716e+00
-1.958557713136519496e+00
-2.045765676596738913e+00
-2.136464272995312275e+00
-2.230779533618249655e+00
-2.328840842518686838e+00
-2.430780903362354195e+00
-2.536735692899951378e+00
-2.646844395547984785e+00
-2.761249318749917858e+00
-2.880095786182848006e+00
-3.003532007168367990e+00
-3.131708918686720189e+00
-3.264779998737561417e+00
-3.402901048210583035e+00
-3.546229933834005532e+00
-3.694926295760311508e+00
-3.849151210694332637e+00
-4.009066809118171371e+00
-4.174835841251258728e+00
-4.346621188287070225e+00
-4.524585312577446672e+00
-4.708889643936222669e+00
-4.899693896648453340e+00
-5.097155305636341005e+00
-5.301427785610020038e+00
-5.512660999254483940e+00
-5.730999331372504280e+00
-5.956580760528030538e+00
-6.189535622128524039e+00
-6.429985254244467541e+00
-6.678040520581084216e+00
-6.933800203451747635e+00
-7.197349250672274046e+00
-7.468756881733865427e+00
-7.748074534789782142e+00
-8.035333651495124130e+00
-8.330543289739745560e+00
-8.633687558341787138e+00
-8.944722865011316415e+00
-9.263574974233439008e+00
-9.590135869715258110e+00
-9.924260406996999961e+00
-1.026576276974680368e+01
-1.061441271464267189e+01
-1.096993161131259775e+01
-1.133198827658961783e+01
-1.170019460974168801e+01
-1.207410103399258539e+01
-1.245319175995628491e+01
-1.283687988465086427e+01
-1.322450233540135400e+01
-1.361531470170962521e+01
-1.400848597012120145e+01
-1.440309320537265947e+01
-1.479811621721206372e+01
-1.519243226705888361e+01
-1.558481086938022919e+01
-1.597390876048805808e+01
-1.635826511101981495e+01
-1.673629706061208822e+01
-1.710629568997578431e+01
-1.746642252633505521e+01
-1.781470671045669718e+01
-1.814904295451202287e+01
-1.846719043927586057e+01
-1.876677280325224828e+01
-1.904527939576067652e+01
-1.930006797308980637e+01
-1.952836901235149725e+01
-1.972729185638652893e+01
-1.989383287458975857e+01
-2.002488584871613497e+01
-2.011725478038203718e+01
-2.016766931848726330e+01
-2.017280298855411047e+01
-2.012929439585132485e+01
-2.003377155417348732e+01
-1.988287944373287530e+01
-1.967331089598692984e+01
-1.940184082943617838e+01
-1.906536382075148239e+01
-1.866093492582421831e+01
-1.818581359177752432e+01
-1.763751041759903870e+01
-1.701383642640182359e+01
-1.631295442232931947e+01
-1.553343187233380007e+01
-1.467429466383635805e+01
-1.373508095988167277e+01
-1.271589425668687667e+01
-1.161745463999389472e+01
-1.044114712011672808e+01
-9.189065840008241892e+00
-7.864052861976291275e+00
-6.469730201349159771e+00
-5.010523725752429769e+00
-3.491677548454909186e+00
-1.919257605412023837e+00
-3.001431702198914531e-01
1.357994781544048291e+00
3.046729282940191297e+00
4.756927829243945638e+00
6.478817971628254568e+00
8.202068093852235009e+00
9.915883043405997910e+00
1.160911390530461063e+01
1.327038072207379571e+01
1.488820656840915646e+01
1.645116092074845326e+01
1.794800988377072670e+01
1.936787044845445749e+01
2.070036567966583618e+01
2.193577750079475663e+01
2.306519360740477964e+01
2.408064507966725998e+01
2.497523128393833147e+01
2.574322889821885596e+01
2.638018215704462577e+01
2.688297180678481269e+01
2.724986069490407914e+01
2.748051448321914236e+01
2.757599662683368535e+01
2.753873760313074825e+01
2.737247963120346839e+01
2.708219976142421004e+01
2.667401656426833156e+01
2.615508843184133170e+01
2.553351391942299742e+01
2.481824463551119209e+01
2.401901612111377204e+01
2.314628991172245165e+01
2.221118322505031273e+01
2.122535110692508908e+01
2.020079174880369166e+01
1.914957248784183008e+01
1.808350792120855033e+01
1.701383990324448447e+01
1.595096047022028962e+01
1.490419158129633281e+01
1.388160897822315931e+01
1.288988672730194196e+01
1.193415108915073120e+01
1.101786608847100979e+01
1.014281665102448393e+01
9.309279871524434924e+00
8.516442866998048089e+00
7.763018375314543640e+00
7.047879061457310357e+00
6.370490097042876165e+00
5.731012996493626943e+00
5.130125363710183350e+00
4.568703081546648725e+00
4.047500775351890567e+00
3.566910035850460403e+00
3.126820487198416210e+00
2.726574081010518569e+00
2.364988283428207883e+00
2.040422376601006782e+00
1.750865975713509659e+00
1.494035319373968385e+00
1.267468347598077694e+00
1.068613125292866339e+00
8.949059612239602668e-01
7.438365506633271007e-01
6.129985286973701486e-01
5.001252517461463043e-01
4.031120177954796713e-01
3.200267109424980161e-01
2.491108810915645677e-01
1.887729838274394278e-01
1.375759437855251233e-01
9.422376505048063455e-02
5.755821958753282869e-02
2.658608387124952038e-02
