1.175898573073763491e-02
1.099208965156238740e-02
1.028058919672269513e-02
9.626884729113242486e-03
9.034586073039373860e-03
8.508297563879921657e-03
8.053533084274906370e-03
7.676700612065117182e-03
7.385069144744163018e-03
7.186680453557256834e-03
7.090212972600750188e-03
7.104821169599244250e-03
7.239971694928742582e-03
7.505290178483795850e-03
7.910425765070989643e-03
8.464935841741672712e-03
9.178190671035243997e-03
1.005929619588540047e-02
1.111703260092680202e-02
1.235980593123170955e-02
1.379560992885728830e-02
1.543199505613802695e-02
1.727604124559096663e-02
1.933433004045059800e-02
2.161291026671972523e-02
2.411724923847458762e-02
2.685215967011565785e-02
2.982169398368396743e-02
3.302900818597372112e-02
3.647622061325610926e-02
4.016431561299463326e-02
4.409313807686138231e-02
4.826147537171061180e-02
5.266716981046024731e-02
5.730720520236436827e-02
6.217775615216312307e-02
6.727422314906349177e-02
7.259127727869618685e-02
7.812292319824636067e-02
8.386257700038622642e-02
8.980315145480124994e-02
9.593714184460867822e-02
1.022567078505332988e-01
1.087537490066944057e-01
1.154199727018621058e-01
1.222469545784666128e-01
1.292261916584631354e-01
1.363491487523943724e-01
1.436072987913097898e-01
1.509921577265181947e-01
1.584953146082495323e-01
1.661084574030282646e-01
1.738233950528579042e-01
1.816320762233678832e-01
1.895266051358553971e-01
1.974992548308798779e-01
2.055424781690385616e-01
2.136489168375356740e-01
2.218114085987774875e-01
2.300229929889707481e-01
2.382769156500754437e-01
2.465666314570037210e-01
2.548858065832312891e-01
2.632283196316406726e-01
2.715882619430986522e-01
2.799599371827256045e-01
2.883378602927805789e-01
2.967167558913881842e-01
3.050915561877596272e-01
3.134573984769818411e-01
3.218096222707372278e-01
3.301437661143560298e-01
3.384555641352950395e-01
3.467409423634101318e-01
3.549960148591732034e-01
3.632170796822015713e-01
3.714006147290965787e-01
3.795432734665490360e-01
3.876418805829503489e-01
3.956934275792937106e-01
4.036950683179538757e-01
4.116441145459365791e-01
4.195380314074065309e-01
4.273744329586790514e-01
4.351510776973995243e-01
4.428658641163169540e-01
4.505168262908604837e-01
4.581021295086415979e-01
4.656200659480369541e-01
4.730690504121085604e-01
4.804476161233207643e-01
4.877544105837868238e-01
4.949881915051159709e-01
5.021478228113348541e-01
5.092322707178242869e-01
5.162405998887122927e-01
5.231719696747321180e-01
5.300256304331473212e-01
5.368009199309869972e-01
5.434972598325091830e-01
5.501141522715135013e-01
5.566511765088620889e-01
5.631079856753262725e-01
5.694843035996693947e-01
5.757799217216700294e-01
5.819946960896381638e-01
5.881285444418061781e-01
5.941814433708486609e-01
6.001534255706650889e-01
6.060445771644491497e-01
6.118550351129754539e-01
6.175849847019538874e-01
6.232346571072312491e-01
6.288043270365519799e-01
6.342943104465466053e-01
6.397049623335632207e-01
6.450366745969262627e-01
6.502898739731743927e-01
6.554650200398015603e-01
6.605626032870124398e-01
6.655831432559876637e-01
6.705271867421410681e-01
6.753953060618549387e-01
6.801880973811684772e-01
6.849061791049025905e-01
6.895501903247087672e-01
6.941207893245391336e-01
6.986186521420384432e-01
7.030444711843821803e-01
7.073989538970897328e-01
7.116828214843656797e-01
7.158968076795334534e-01
7.200416575641506167e-01
7.241181264344127566e-01
7.281269787134756477e-01
7.320689869083472079e-01
7.359449306100204202e-01
7.397555955355539226e-01
7.435017726108160696e-01
7.471842570926444660e-01
7.508038477291920643e-01
7.543613459572618973e-01
7.578575551354509443e-01
7.612932798119560474e-01
7.646693250259180008e-01
7.679864956412033594e-01
7.712455957115568195e-01
7.744474278760691277e-01
7.775927927839487719e-01
7.806824885475970310e-01
7.837173102230144961e-01
7.866980493165961486e-01
7.896254933173958435e-01
7.925004252539546989e-01
7.953236232748353007e-01
7.980958602519963030e-01
8.008179034061936319e-01
8.034905139536024921e-01
8.061144467728762475e-01
8.086904500918871141e-01
8.112192651934150289e-01
8.137016261390622729e-01
8.161382595107076199e-01
8.185298841688232185e-01
8.208772110269967337e-01
8.231809428420343577e-01
8.254417740190206354e-01
8.276603904307437976e-01
8.298374692509120631e-01
8.319736788005938077e-01
8.340696784073459158e-01
8.361261182765049593e-01
8.381436393741306112e-01
8.401228733211094646e-01
8.420644422979468580e-01
8.439689589597817454e-01
8.458370263611816320e-01
8.476692378902872527e-01
8.494661772118859977e-01
8.512284182190188453e-01
8.529565249927242299e-01
8.546510517695454778e-01
8.563125429164396563e-01
8.579415329127365597e-01
8.595385463388054426e-01
8.611040978711046456e-01
8.626386922832993687e-01
8.641428244531406122e-01
8.656169793748081931e-01
8.670616321764409440e-01
8.684772481425711010e-01
8.698642827412055301e-01
8.712231816552959973e-01
8.725543808183484629e-01
8.738583064539443557e-01
8.751353751189325791e-01
8.763859937500815267e-01
8.776105597139728376e-01
8.788094608599363866e-01
8.799830755758244472e-01
8.811317728464371779e-01
8.822559123144165794e-01
8.833558443434310625e-01
8.844319100834803216e-01
8.854844415381566414e-01
8.865137616337056548e-01
8.875201842897307847e-01
8.885040144914013727e-01
8.894655483630109494e-01
8.904050732427666315e-01
8.913228677586600979e-01
8.922192019053057921e-01
8.930943371216211180e-01
8.939485263692276140e-01
8.947820142114628617e-01
8.955950368928951022e-01
8.963878224192283195e-01
8.971605906375044182e-01
8.979135533164970262e-01
8.986469142272049959e-01
8.993608692233550084e-01
9.000556063218199121e-01
9.007313057828724157e-01
9.013881401901879808e-01
9.020262745305164254e-01
9.026458662729458515e-01
9.032470654476824068e-01
9.038300147242745997e-01
9.043948494892068979e-01
9.049416979227994373e-01
9.054706810753424540e-01
9.059819129424030448e-01
9.064755005392387543e-01
9.069515439742563689e-01
9.074101365214597426e-01
9.078513646918208169e-01
9.082753083035226549e-01
9.086820405510139809e-01
9.090716280728230458e-01
9.094441310180753080e-01
9.097996031116627469e-01
9.101380917180094121e-01
9.104596379033881304e-01
9.107642764967340820e-01
9.110520361489029550e-01
9.113229393903272690e-01
9.115770026870280152e-01
9.118142364949192169e-01
9.120346453123699959e-01
9.122382277309737386e-01
9.124249764844727384e-01
9.125948784957966797e-01
9.127479149221665589e-01
9.128840611982146358e-01
9.130032870770788955e-01
9.131055566694219472e-01
9.131908284803268439e-01
9.132590554440285224e-01
9.133101849564271291e-01
9.133441589053422627e-01
9.133609136984577326e-01
9.133603802889096457e-01
9.133424841984704168e-01
9.133071455382844039e-01
9.132542790270988808e-01
9.131837940069498227e-01
9.130955944562481053e-01
9.129895790002181544e-01
9.128656409186425291e-01
9.127236681508538174e-01
9.125635432979299910e-01
9.123851436220405953e-01
9.121883410428895944e-01
9.119730021312004720e-01
9.117389880991978446e-01
9.114861547880240833e-01
9.112143526520386505e-01
9.109234267399496376e-01
9.106132166727149979e-01
9.102835566181636251e-01
9.099342752622764374e-01
9.095651957770690688e-01
9.091761357850238756e-01
9.087669073200084213e-01
9.083373167846230389e-01
9.078871649039186309e-01
9.074162466754278622e-01
9.069243513154471303e-01
9.064112622015106924e-01
9.058767568109965529e-01
9.053206066558069365e-01
9.047425772130598398e-01
9.041424278517350421e-01
9.035199117552102921e-01
9.028747758396383771e-01
9.022067606680945762e-01
9.015156003604464230e-01
9.008010224988833858e-01
9.000627480290552818e-01
8.993004911567600290e-01
8.985139592401329978e-01
8.977028526772838912e-01
8.968668647893339729e-01
8.960056816988086759e-01
8.951189822033371879e-01
8.942064376446275942e-01
8.932677117726721683e-01
8.923024606051568330e-01
8.913103322820425944e-01
8.902909669153031835e-01
8.892439964337909286e-01
8.881690444232334114e-01
8.870657259613464740e-01
8.859336474480759005e-01
8.847724064309755443e-01
8.835815914257471038e-01
8.823607817319747415e-01
8.811095472440965137e-01
8.798274482576730060e-01
8.785140352710211209e-01
8.771688487823011693e-01
8.757914190821562972e-01
8.743812660420284821e-01
8.729378988982894327e-01
8.714608160323442654e-01
8.699495047468949194e-01
8.684034410385741420e-01
8.668220893671810812e-01
8.652049024217903783e-01
8.635513208840257526e-01
8.618607731888379142e-01
8.601326752831495170e-01
8.583664303827818198e-01
8.565614287281141381e-01
8.547170473389783529e-01
8.528326497693382580e-01
8.509075858623587063e-01
8.489411915065327996e-01
8.469327883935890977e-01
8.448816837789776546e-01
8.427871702458015202e-01
8.406485254731383971e-01
8.384650120097825177e-01
8.362358770545263997e-01
8.339603522441932926e-01
8.316376534507370355e-01
8.292669805888409629e-01
8.268475174355447432e-01
8.243784314635766997e-01
8.218588736901825120e-01
8.192879785433877515e-01
8.166648637477810224e-01
8.139886302320655798e-01
8.112583620607801693e-01
8.084731263927925626e-01
8.056319734693260237e-01
8.027339366345007665e-01
7.997780323915654188e-01
7.967632604982202160e-01
7.936886041046556928e-01
7.905530299381766657e-01
7.873554885385277702e-01
7.840949145483032678e-01
7.807702270630900721e-01
7.773803300462804877e-01
7.739241128137789305e-01
7.704004505941316472e-01
7.668082051699146584e-01
7.631462256065354444e-01
7.594133490749215287e-01
7.556084017748997406e-01
7.517301999663986711e-01
7.477775511159324706e-01
7.437492551661563089e-01
7.396441059366017923e-01
7.354608926640182620e-01
7.311984016910385575e-01
7.268554183121785917e-01
7.224307287864316640e-01
7.179231225259676830e-01
7.133313944706222154e-01
7.086543476580389189e-01
7.038907959994198382e-01
6.990395672709002195e-01
6.940995063305351875e-01
6.890694785707932590e-01
6.839483736162730310e-01
6.787351092760569582e-01
6.734286357597314421e-01
6.680279401655599969e-01
6.625320512486333469e-01
6.569400444759853075e-01
6.512510473746614403e-01
6.454642451775334244e-01
6.395788867702558722e-01
6.335942909411267365e-01
6.275098529337693742e-01
6.213250513004200393e-01
6.150394550512263692e-01
6.086527310922822398e-01
6.021646519421723909e-01
5.955751037135228465e-01
5.888840943424713537e-01
5.820917620450927199e-01
5.751983839756068528e-01
5.682043850567066734e-01
5.611103469475484662e-01
5.539170171099098150e-01
5.466253179277259511e-01
5.392363558297437187e-01
5.317514303593983138e-01
5.241720431303020789e-01
5.164999065999971162e-01
5.087369525889501309e-01
5.008853404662426678e-01
4.929474649181516122e-01
4.849259632109221840e-01
4.768237218546581557e-01
4.686438825714994705e-01
4.603898474682919240e-01
4.520652833119166991e-01
4.436741248044893116e-01
4.352205767559175209e-01
4.267091150529510046e-01
4.181444863270165624e-01
4.095317062279287268e-01
4.008760562170751163e-01
3.921830788019741165e-01
3.834585711442330958e-01
3.747085769848397807e-01
3.659393768443643391e-01
3.571574764708737582e-01
3.483695935249505604e-01
3.395826425089055745e-01
3.308037179656899696e-01
3.220400759917192435e-01
3.132991141263190005e-01
3.045883496982163541e-01
2.959153967258105200e-01
2.872879414822236965e-01
2.787137168476343518e-01
2.702004755793575574e-01
2.617559626335995149e-01
2.533878866705515098e-01
2.451038908647430181e-01
2.369115231229164120e-01
2.288182057786803114e-01
2.208312047826202773e-01
2.129575983338388712e-01
2.052042448012796616e-01
1.975777496638755626e-01
1.900844310744848331e-01
1.827302835657289570e-01
1.755209394448241922e-01
1.684616276853948547e-01
1.615571307411534374e-01
1.548117407324856032e-01
1.482292177595867788e-01
1.418127542864162927e-01
1.355649500777711125e-01
1.294878016807851084e-01
1.235827090422471353e-01
1.178505001747847669e-01
1.122914735562305921e-01
1.069054574609286101e-01
1.016918852989008165e-01
9.664988539095457909e-02
9.177838147561473425e-02
8.707619620778202230e-02
8.254214479631244439e-02
7.817510217361015035e-02
7.397402794809386506e-02
6.993794073688928969e-02
6.606584562329742560e-02
6.235663036938276366e-02
5.880895234883233569e-02
5.542113694229591769e-02
5.219110140054307456e-02
4.911630987387175656e-02
4.619375861682127604e-02
4.341998656258862221e-02
4.079110520962934971e-02
3.830284209697421005e-02
3.595059310931501828e-02
3.372947980617069241e-02
3.163440862282304589e-02
2.966012914860704716e-02
2.780128894651692426e-02
2.605248278183801280e-02
2.440829481460544959e-02
2.286333323187873454e-02
2.141225779333727833e-02
2.004980176382518964e-02
1.877079091478124975e-02
1.757016426165637982e-02
1.644300480625768279e-02
1.538459455309568180e-02
1.439051617921076505e-02
1.345683007782426041e-02
1.258034826827975246e-02
