2.613584116313442778e-03
-7.586943581345680088e-02
-1.385842810228210820e-01
-1.847716084501354883e-01
-2.128181671006302567e-01
-2.203863274329499466e-01
-2.043704156781361303e-01
-1.607551657447851001e-01
-8.451562134892440237e-02
3.039266224083790949e-02
1.909841682543070851e-01
4.051808701840658999e-01
6.817646866001794148e-01
1.030352621499965871e+00
1.461388595801241586e+00
1.986143593780938854e+00
2.616714482747145798e+00
3.366012328782180596e+00
4.247732074077642750e+00
5.276296101941797545e+00
6.466764702392552522e+00
7.834706844092590217e+00
9.396025435495397815e+00
1.116673179667705362e+01
1.316266477518428246e+01
1.539915078843027274e+01
1.789060101044259810e+01
2.065004152406068272e+01
2.368857041448457679e+01
2.701473193025337949e+01
3.063379138765696652e+01
3.454688532754078523e+01
3.875001519006813311e+01
4.323286319580913073e+01
4.797747479779336999e+01
5.295703001831891754e+01
5.813528148199409173e+01
6.346771064585102096e+01
6.890566530103787102e+01
7.440385350240553919e+01
7.992894636946277842e+01
8.546393291160431716e+01
9.100305730661409598e+01
9.653824720035925111e+01
1.020454152237268346e+02
1.074794751949560805e+02
1.127794822706855626e+02
1.178781171095829166e+02
1.227091210564936574e+02
1.272102701296757488e+02
1.313229814842167684e+02
1.349906469649255598e+02
1.381571422393669764e+02
1.407660563823921223e+02
1.427606380227428247e+02
1.440842547481142901e+02
1.446811738761283834e+02
1.444975337103855679e+02
1.434824287344484048e+02
1.415890466067455407e+02
1.387757951325317265e+02
1.350073436771788806e+02
1.302555057178197728e+02
1.244999148347582718e+02
1.177284699158421688e+02
1.099375691848032943e+02
1.011321679915292293e+02
9.132570830154512009e+01
8.053996426514144957e+01
6.880482592256653618e+01
5.615803778705563332e+01
4.264488950963567504e+01
2.831785537640077166e+01
1.323617874106384384e+01
-2.534607133175011739e+00
-1.892322057434283522e+01
-3.585323615274908349e+01
-5.324374667524027416e+01
-7.101007394810257267e+01
-8.906452197192214726e+01
-1.073171599715357729e+02
-1.256766266447185529e+02
-1.440509434564889091e+02
-1.623483247724450962e+02
-1.804779757195935588e+02
-1.983508660882751826e+02
-2.158804717712180548e+02
-2.329834735992310755e+02
-2.495804056811450948e+02
-2.655962471648554697e+02
-2.809609509828001706e+02
-2.956099053847497657e+02
-3.094843237409690460e+02
-3.225315616652167137e+02
-3.347053596061889493e+02
-3.459660120481444778e+02
-3.562804638091557194e+02
-3.656223348577951242e+02
-3.739718791894262608e+02
-3.813158793838907172e+02
-3.876474837596846896e+02
-3.929659893831276918e+02
-3.972765763158981827e+02
-4.005900019935921250e+02
-4.029222583735534045e+02
-4.042942012719447007e+02
-4.047311551393811442e+02
-4.042624995466089786e+02
-4.029212464130961280e+02
-4.007436091719216620e+02
-3.977685727803977329e+02
-3.940374660964526470e+02
-3.895935414980759219e+02
-3.844815686800823187e+02
-3.787474415171943747e+02
-3.724378048308910820e+02
-3.655997000382957935e+02
-3.582802325394054606e+02
-3.505262651935996701e+02
-3.423841345847239950e+02
-3.338993945519769113e+02
-3.251165840724598297e+02
-3.160790206986759472e+02
-3.068286213319733520e+02
-2.974057460818899585e+02
-2.878490678442992703e+02
-2.781954637832274102e+02
-2.684799286801408584e+02
-2.587355105287874153e+02
-2.489932642351652703e+02
-2.392822243826357749e+02
-2.296293935983484857e+02
-2.200597461192697040e+02
-2.105962459980967481e+02
-2.012598764511069476e+02
-1.920696807671244528e+02
-1.830428119834568292e+02
-1.741945906302043454e+02
-1.655385699724647566e+02
-1.570866062805527577e+02
-1.488489341137856172e+02
-1.408342446516437576e+02
-1.330497666863284962e+02
-1.255013497557180813e+02
-1.181935476696339009e+02
-1.111297025421567355e+02
-1.043120281919438668e+02
-9.774169261880082615e+01
-9.141889916463551913e+01
-8.534296557652753279e+01
-7.951240098370142562e+01
-7.392498008603098469e+01
-6.857781470006965208e+01
-6.346742236015276006e+01
-5.858979168797505110e+01
-5.394044450336432561e+01
-4.951449459473079884e+01
-4.530670327466896197e+01
-4.131153138244163614e+01
-3.752318804654564133e+01
-3.393567608615037301e+01
-3.054283419836839286e+01
-2.733837602298142855e+01
-2.431592605003700314e+01
-2.146905267086662761e+01
-1.879129817925064572e+01
-1.627620618344894865e+01
-1.391734646666614239e+01
-1.170833720017757962e+01
-9.642864933597094179e+00
-7.714702244639891404e+00
-5.917723443226472035e+00
-4.245918267080116770e+00
-2.693403669988683635e+00
-1.254434043764329765e+00
7.659028036480708401e-02
1.305115847875238932e+00
2.436430374053803138e+00
3.475658094323170744e+00
4.427756447814402030e+00
5.297513746402896295e+00
6.089547650166226234e+00
6.808304641146738057e+00
7.458060123295468635e+00
8.042919314555163623e+00
8.566818732212317045e+00
9.033528161705755011e+00
9.446653163942068332e+00
9.809637890324278686e+00
1.012576836324001661e+01
1.039817606245420656e+01
1.062984166492837446e+01
1.082359909132316034e+01
1.098213966842353884e+01
1.110801647633823031e+01
1.120364880570027033e+01
1.127132661411179448e+01
1.131321511688955894e+01
1.133135930986287043e+01
1.132768856368595678e+01
1.130402121961466833e+01
1.126206905702018624e+01
1.120344178940790947e+01
1.112965142990521272e+01
1.104211664188785669e+01
1.094216699204489451e+01
1.083104705742893437e+01
1.070992050626972691e+01
1.057987399600017397e+01
1.044192101545222151e+01
1.029700560506168472e+01
1.014600592005413837e+01
9.989737715583428823e+00
9.828957666833193940e+00
9.664366614934133182e+00
9.496612674325756842e+00
9.326294188880011049e+00
9.153962607480496061e+00
8.980125206905224644e+00
8.805247720440966930e+00
8.629756853194370692e+00
8.454042661611575582e+00
8.278460845875159180e+00
8.103334912407586188e+00
7.928958251820804826e+00
7.755596113851330742e+00
7.583487461086036774e+00
7.412846754652238523e+00
7.243865629142078433e+00
7.076714488883784071e+00
6.911544020055449877e+00
6.748486606095207563e+00
6.587657681282187205e+00
6.429156991040295921e+00
6.273069795019044825e+00
6.119467998952789145e+00
5.968411206078717335e+00
5.819947720203147767e+00
5.674115474869497078e+00
5.530942924006213346e+00
5.390449851081809740e+00
5.252648145922615086e+00
5.117542532164231162e+00
4.985131229523441121e+00
4.855406592591121395e+00
4.728355689060456335e+00
4.603960849326774074e+00
4.482200177853818523e+00
4.363048017197003858e+00
4.246475394508229861e+00
4.132450420290791904e+00
4.020938666276651752e+00
3.911903516617151855e+00
3.805306480730475727e+00
3.701107493548657867e+00
3.599265183631931375e+00
3.499737123106265724e+00
3.402480058464429025e+00
3.307450113838607653e+00
3.214602985280560432e+00
3.123894111450039368e+00
3.035278830638732828e+00
2.948712525514330274e+00
2.864150747451130297e+00
2.781549334397912077e+00
2.700864512425092734e+00
2.622052987637170318e+00
2.545072029260473823e+00
2.469879538556007947e+00
2.396434113893721740e+00
2.324695104120074962e+00
2.254622655482631188e+00
2.186177752870490654e+00
2.119322251056806383e+00
2.054018903634973636e+00
1.990231384170878748e+00
1.927924303604813927e+00
1.867063223418492957e+00
1.807614662502629255e+00
1.749546102597756114e+00
1.692825989493350392e+00
1.637423730699383739e+00
1.583309691232164695e+00
1.530455186091901343e+00
1.478832471148237682e+00
1.428414731800240922e+00
1.379176069903876423e+00
1.331091489550098705e+00
1.284136880865304642e+00
1.238289003238426167e+00
1.193525467593716360e+00
1.149824717701377397e+00
1.107166010946293078e+00
1.065529398349153167e+00
1.024895704612909020e+00
9.852465077071655974e-01
9.465641182260275954e-01
9.088315589147105689e-01
8.720325439017133640e-01
8.361514583076411489e-01
8.011733379813665845e-01
7.670838493994281970e-01
7.338692700088957910e-01
7.015164687240763586e-01
6.700128870315740226e-01
6.393465205824775399e-01
6.095059010744587891e-01
5.804800788471330408e-01
5.522586059143927972e-01
5.248315197210275951e-01
4.981893274865534238e-01
4.723229910507158458e-01
4.472239125715570252e-01
4.228839207664524258e-01
3.992952578950573761e-01
3.764505675181380462e-01
3.543428827732398867e-01
3.329656155424233210e-01
3.123125462959471244e-01
2.923778146535709888e-01
2.731559107589243141e-01
2.546416672583836638e-01
2.368302521266163196e-01
2.197171622336112073e-01
2.032982176366432969e-01
1.875695566312390872e-01
1.725276315228034263e-01
1.581692051835376644e-01
1.444913483538286247e-01
1.314914376675584695e-01
1.191671544471301220e-01
1.075164842278592547e-01
9.653771704896989270e-02
8.622944847096443433e-02
7.659058135486505881e-02
6.762032836857494178e-02
5.931821525892409103e-02
5.168408485395627194e-02
4.471810182804311640e-02
3.842075821311973644e-02
3.279287964485777529e-02
2.783563238510735130e-02
2.355053109678229700e-02
1.993944737237968168e-02
1.700461904330141313e-02
1.474866023067589009e-02
1.317457221939238865e-02
1.228575507360162890e-02
1.208602006865014747e-02
1.257960291604228419e-02
1.377117778850559665e-02
1.566587217844906538e-02
1.826928256916516766e-02
2.158749097127233424e-02
2.562708228507441094e-02
3.039516254279852128e-02
3.589937803085520990e-02
4.214793531494930717e-02
4.914962216070884599e-02
5.691382940764624920e-02
6.545057377419825906e-02
7.477052161750009918e-02
8.488501373316778564e-02
9.580609108542291474e-02
1.075465216504065680e-01
1.201198282666395972e-01
1.335403175415308397e-01
1.478231099637216661e-01
1.629841709942410344e-01
1.790403434605647992e-01
1.960093810692447314e-01
2.139099831212656622e-01
2.327618305431558010e-01
2.525856231033279942e-01
2.734031180244187453e-01
2.952371699358288804e-01
3.181117721483133209e-01
3.420520993928483633e-01
3.670845520113747429e-01
3.932368016612003414e-01
4.205378385387197882e-01
4.490180200914541953e-01
4.787091215258873489e-01
5.096443877768545017e-01
5.418585873433366951e-01
5.753880677161890000e-01
6.102708127695701812e-01
6.465465018307949840e-01
6.842565704995605680e-01
7.234442739834494596e-01
7.641547515256943424e-01
8.064350935659885256e-01
8.503344107136099339e-01
8.959039046322848643e-01
9.431969416316173804e-01
9.922691274841752840e-01
1.043178385704842892e+00
1.095985037315750477e+00
1.150751882815446825e+00
1.207544287521426618e+00
1.266430267899541384e+00
1.327480581893095257e+00
1.390768820562416241e+00
1.456371502344969704e+00
1.524368171036472708e+00
1.594841495346419391e+00
1.667877370585674646e+00
1.743565024778008121e+00
1.821997125768658465e+00
1.903269891656180990e+00
1.987483204757855892e+00
2.074740725999117519e+00
2.165150014967733849e+00
2.258822650644717100e+00
2.355874354412080596e+00
2.456425118654494977e+00
2.560599334399709992e+00
2.668525923949268464e+00
2.780338474155539252e+00
2.896175374661157154e+00
3.016179956940997275e+00
3.140500634877545938e+00
3.269291048641611130e+00
3.402710211829131470e+00
3.540922655858159462e+00
3.684098583097154656e+00
3.832414015074739222e+00
3.986050946038943277e+00
4.145197496264152903e+00
4.310048062768795596e+00
4.480803480326453148e+00
4.657671170488295154e+00
4.840865298860755672e+00
5.030606927529738925e+00
5.227124169012815180e+00
5.430652339311498267e+00
5.641434103506647091e+00
5.859719625073260829e+00
6.085766707885171378e+00
6.319840937185358776e+00
6.562215812184990504e+00
6.813172875436277920e+00
7.073001839996693185e+00
7.342000695451579517e+00
7.620475821395286786e+00
7.908742084441974463e+00
8.207122918689783830e+00
8.515950406472938994e+00
8.835565331569451786e+00
9.166317229960494473e+00
9.508564418033660814e+00
9.862673991066012391e+00
1.022902183008670640e+01
1.060799255103244221e+01
1.099997945630637375e+01
1.140538444856093925e+01
1.182461790445550776e+01
1.225809854551582134e+01
1.270625323300578025e+01
1.316951676254591774e+01
1.364833159702468990e+01
1.414314754710720656e+01
1.465442143205404335e+01
1.518261664819059398e+01
1.572820272235780692e+01
1.629165477069155088e+01
1.687345289543475246e+01
1.747408153275524256e+01
1.809402871115711875e+01
1.873378520947889214e+01
1.939384365424979606e+01
2.007469750906322759e+01
2.077683996292676483e+01
2.150076272595129367e+01
2.224695467545572569e+01
2.301590042035357797e+01
2.380807871211065674e+01
2.462396070097203449e+01
2.546400809574853596e+01
2.632867111783134817e+01
2.721838630762236377e+01
2.813357413733511336e+01
2.907463648615700436e+01
3.004195387172357812e+01
3.103588248365966962e+01
3.205675099967757546e+01
3.310485720027377710e+01
3.418046427247487173e+01
3.528379695252066739e+01
3.641503732576081376e+01
3.757432038525193008e+01
3.876172929596634731e+01
3.997729031285192036e+01
4.122096749323298326e+01
4.249265695107165897e+01
4.379218086953422073e+01
4.511928108064574161e+01
4.647361236712328747e+01
4.785473534796474127e+01
4.926210897325270821e+01
5.069508264348395699e+01
5.215288792275229213e+01
5.363462987714732577e+01
5.513927795365417950e+01
5.666565647022735419e+01
5.821243475445311333e+01
5.977811672946045007e+01
6.136103023194581141e+01
6.295931589655354799e+01
6.457091557654763392e+01
6.619356052667305335e+01
6.782475909464146469e+01
6.946178421708447104e+01
7.110166056219095765e+01
7.274115131775386089e+01
7.437674496312196482e+01
7.600464173774848575e+01
7.762074001852376171e+01
7.922062270699159114e+01
8.079954352911724413e+01
8.235241369757214613e+01
8.387378848314256174e+01
8.535785437847589208e+01
8.679841659600957371e+01
8.818888705548731366e+01
8.952227333325984659e+01
9.079116822851436552e+01
9.198774068452604524e+01
9.310372772940313268e+01
9.413042793798409491e+01
9.505869669025182134e+01
9.587894331377621882e+01
9.658113040696558471e+01
9.715477561462398626e+01
9.758895618263279914e+01
9.787231664635416450e+01
9.799307996175373603e+01
9.793906222254685190e+01
9.769769162949062036e+01
9.725603193437950722e+01
9.660081061648759260e+01
9.571845252326068021e+01
9.459511899927122158e+01
9.321675305037260273e+01
9.156913102071902699e+01
8.963792095514514813e+01
8.740874835627229800e+01
8.486726932884145924e+01
8.199925148880431891e+01
7.879066332083723978e+01
7.522777158499535233e+01
7.129724765698050248e+01
6.698628239818552288e+01
6.228270979881262548e+01
5.717513955747950405e+01
5.165309803120021570e+01
4.570717797972479701e+01
3.932919608801194755e+01
3.251235801929311009e+01
2.525143061797733068e+01
1.754291998548540477e+01
9.385254947423751659e+00
7.789742691521577278e-01
-8.273083555747323459e+00
-1.776558943452893402e+01
-2.769053356364117491e+01
-3.803703833704442161e+01
-4.879117631861699778e+01
-5.993579560388211291e+01
-7.145035580578645806e+01
-8.331077695630369817e+01
-9.548930489711811731e+01
-1.079543963869694494e+02
-1.206706269977427581e+02
-1.335986259060996133e+02
-1.466950407857325729e+02
-1.599125367055191305e+02
-1.731998327647283134e+02
-1.865017796487420867e+02
-1.997594817099559918e+02
-2.129104669794627966e+02
-2.258889075129067692e+02
-2.386258929137028986e+02
-2.510497585453481406e+02
-2.630864701599998057e+02
-2.746600653170760324e+02
-2.856931516284919894e+02
-2.961074606921485497e+02
-3.058244557155323378e+02
-3.147659898299896213e+02
-3.228550109529786596e+02
-3.300163079993157567e+02
-3.361772916929202779e+02
-3.412688026473092577e+02
-3.452259376539265645e+02
-3.479888843646014607e+02
-3.495037535443759111e+02
-3.497233965053836755e+02
-3.486081956103091102e+02
-3.461268144216866745e+02
-3.422568935555904091e+02
-3.369856790114534988e+02
-3.303105688814177370e+02
-3.222395654199384580e+02
-3.127916202785322639e+02
-3.019968611170098711e+02
-2.898966900351241520e+02
-2.765437453828637331e+02
-2.620017208597651575e+02
-2.463450382605226423e+02
-2.296583721299407728e+02
-2.120360278318215137e+02
-1.935811775708333471e+02
-1.744049607249606026e+02
-1.546254591825252476e+02
-1.343665594726776646e+02
-1.137567169509598841e+02
-9.292763953225082219e+01
-7.201290938982425871e+01
-5.114656403403257912e+01
-3.046165765852372331e+01
-1.008882532507960406e+01
9.845126951212492372e+00
2.921858391979345981e+01
4.791641103740433749e+01
6.583115070357831655e+01
8.286410130712903310e+01
9.892625602598540979e+01
1.139390779740835455e+02
1.278350880584056455e+02
1.405582430536172751e+02
1.520640849306159907e+02
1.623196528609161646e+02
1.713031663882521229e+02
1.790035180013812521e+02
1.854196523471302385e+02
1.905599504651364668e+02
1.944417651420346829e+02
1.970912412306651333e+02
1.985434848552998517e+02
1.988430170390358853e+02
1.980442998507622860e+02
1.962120196899688835e+02
1.934208189312267905e+02
1.897542970256789090e+02
1.853033089806006899e+02
1.801637834691808564e+02
1.744343834280568046e+02
1.682143185325867591e+02
1.616015178714199862e+02
1.546912323531514915e+02
1.475750043880076703e+02
1.403398352439692474e+02
1.330673158127542024e+02
1.258324777789690785e+02
1.187021923850414851e+02
1.117331081707320521e+02
1.049693789998785007e+02
9.844075229105565938e+01
9.216184422825369893e+01
8.613338317493574436e+01
8.034564203547854788e+01
7.478336875597027245e+01
6.943091255208165080e+01
6.427633786026169105e+01
5.931368194371179214e+01
5.454322584006178687e+01
4.997036154078401893e+01
4.560378429349422191e+01
4.145356306665807011e+01
3.752943875028526577e+01
3.383952315764521046e+01
3.038944243100847231e+01
2.718188753750234454e+01
2.421649466224580394e+01
2.148996756554523557e+01
1.899635987758467337e+01
1.672744973002731328e+01
1.467315578981020074e+01
1.282195958515467282e+01
1.116131167205769792e+01
9.678008424602195348e+00
8.358531626358916000e+00
7.189345950264356411e+00
6.157150962931029703e+00
5.249085669256563946e+00
4.452885723165856291e+00
3.756995784694868501e+00
3.150641721592875921e+00
2.623868739022834795e+00
2.167551716083173208e+00
1.773383379541043414e+00
1.433844558584902673e+00
1.142159840049407293e+00
8.922415377861011576e-01
6.786266691388851413e-01
4.964160112010585491e-01
3.412325622729974195e-01
2.092277308793654700e-01
9.716816236306978494e-02
