-2.597202343371326876e-03
-5.747383232083921531e-03
-8.595097753534567536e-03
-1.113147373100191635e-02
-1.334089968004907416e-02
-1.520214633933686561e-02
-1.668892775564119815e-02
-1.776987411636262934e-02
-1.840825789941134133e-02
-1.856183436238782042e-02
-1.818297104728633373e-02
-1.721905872695622328e-02
-1.561310762864182716e-02
-1.330442293026658923e-02
-1.022927997334221670e-02
-6.321552773146455959e-03
-1.513275511945756310e-03
4.264866333746884265e-03
1.108310888800455307e-02
1.901223576546124186e-02
2.812324426719273532e-02
3.848703917525127943e-02
5.017414224406969991e-02
6.325440665164321075e-02
7.779672686385109837e-02
9.386873536519917127e-02
1.115364783310412999e-01
1.308640623026966487e-01
1.519132629533645473e-01
1.747430846975281116e-01
1.994092556351238776e-01
2.259636355463927049e-01
2.544535050986274638e-01
2.849206930851628239e-01
3.174004895449272223e-01
3.519202967132652460e-01
3.884980073443196069e-01
4.271401994049234818e-01
4.678404157137087682e-01
5.105780201613022706e-01
5.553182447335964778e-01
6.020138381542126105e-01
6.506080919140746488e-01
7.010382393464436035e-01
7.532379178470570702e-01
8.071379185651686994e-01
8.626654430358153824e-01
9.197427679140959267e-01
9.782862049851985820e-01
1.038205782348925466e+00
1.099405612436303636e+00
1.161784686540216160e+00
1.225237823899735901e+00
1.289656590585804841e+00
1.354930099350079242e+00
1.420945668974743059e+00
1.487589357222583120e+00
1.554746394953362421e+00
1.622301550474748000e+00
1.690139449456263154e+00
1.758144870295771600e+00
1.826203029197954297e+00
1.894199863936878669e+00
1.962022320632902606e+00
2.029558644124177746e+00
2.096698669824750727e+00
2.163334113438095674e+00
2.229358854397657907e+00
2.294669209206717575e+00
2.359164191598979166e+00
2.422745757332001038e+00
2.485319032249094118e+00
2.546792522868647879e+00
2.607078309202500943e+00
2.666092219770247240e+00
2.723753988908696133e+00
2.779987396521380827e+00
2.834720390419609881e+00
2.887885191412307151e+00
2.939418381298985583e+00
2.989260973937311050e+00
3.037358469581669773e+00
3.083660892724810587e+00
3.128122813721804896e+00
3.170703354534090135e+00
3.211366178994659482e+00
3.250079468054089649e+00
3.286815880531140710e+00
3.321552499952492354e+00
3.354270768126176083e+00
3.384956406145141816e+00
3.413599323563524468e+00
3.440193516533016638e+00
3.464736955723377587e+00
3.487231464878562281e+00
3.507682590885746965e+00
3.526099466244937197e+00
3.542494664838364837e+00
3.556884051902020616e+00
3.569286629091664942e+00
3.579724375525773716e+00
3.588222085668404837e+00
3.594807204893207597e+00
3.599509663545602756e+00
3.602361710279675222e+00
3.603397745412484809e+00
3.602654154995084124e+00
3.600169146259805775e+00
3.595982585062871273e+00
3.590135835885587490e+00
3.582671604915301344e+00
3.573633786675211255e+00
3.563067314626758186e+00
3.551018016125095933e+00
3.537532472051903021e+00
3.522657881409728464e+00
3.506441931113956301e+00
3.488932671179713729e+00
3.470178395465151500e+00
3.450227528082341788e+00
3.429128515558093504e+00
3.406929724788843039e+00
3.383679346806436783e+00
3.359425306344596684e+00
3.334215177161920174e+00
3.308096103059130932e+00
3.281114724500623137e+00
3.253317110735762352e+00
3.224748697299836486e+00
3.195454228753060733e+00
3.165477706507285216e+00
3.134862341575925804e+00
3.103650512078482748e+00
3.071883725321388869e+00
3.039602584267883323e+00
3.006846758209393844e+00
2.973654957444210378e+00
2.940064911771104406e+00
2.906113352605111277e+00
2.871835998520880118e+00
2.837267544032108013e+00
2.802441651414971702e+00
2.767390945391398294e+00
2.732147010488884753e+00
2.696740390896752437e+00
2.661200592646463026e+00
2.625556087946011363e+00
2.589834321506691683e+00
2.554061718703561468e+00
2.518263695418588188e+00
2.482464669420498371e+00
2.446688073141795261e+00
2.410956367720761939e+00
2.375291058181993709e+00
2.339712709634842014e+00
2.304240964374855150e+00
2.268894559781125420e+00
2.233691346907378250e+00
2.198648309669365197e+00
2.163781584539873570e+00
2.129106480665998724e+00
2.094637500330057467e+00
2.060388359679605319e+00
2.026372009657638085e+00
1.992600657069263148e+00
1.959085785724228757e+00
1.925838177602578138e+00
1.892867933992287366e+00
1.860184496552043321e+00
1.827796668256901347e+00
1.795712634187822010e+00
1.763939982130823925e+00
1.732485722952139762e+00
1.701356310721771070e+00
1.670557662559771339e+00
1.640095178181497193e+00
1.609973759122368842e+00
1.580197827623415874e+00
1.550771345162945458e+00
1.521697830618138569e+00
1.492980378048160306e+00
1.464621674088247172e+00
1.436624014946443761e+00
1.408989322997575400e+00
1.381719162967914638e+00
1.354814757708922013e+00
1.328277003556399549e+00
1.302106485275099867e+00
1.276303490589388190e+00
1.250868024298835701e+00
1.225799821982630711e+00
1.201098363294884397e+00
1.176762884854023250e+00
1.152792392730593640e+00
1.129185674537314998e+00
1.105941311128201487e+00
1.083057687911360478e+00
1.060533005781700178e+00
1.038365291680668934e+00
1.016552408788004680e+00
9.950920663538864730e-01
9.739818291786974669e-01
9.532191267477051477e-01
9.328012620285613954e-01
9.127254199380856470e-01
8.929886754876943389e-01
8.735880016144784710e-01
8.545202767056768733e-01
8.357822918256099243e-01
8.173707576514984696e-01
7.992823111273732462e-01
7.815135218433486575e-01
7.640608981484763307e-01
7.469208930044208827e-01
7.300899095876023370e-01
7.135643066479503416e-01
6.973404036316851462e-01
6.814144855754584729e-01
6.657828077788964238e-01
6.504416002629410665e-01
6.353870720207860368e-01
6.206154150683610426e-01
6.061228083015179902e-01
5.919054211661440856e-01
5.779594171477112630e-01
5.642809570867015623e-01
5.508662023261386986e-01
5.377113176971097808e-01
5.248124743480139243e-01
5.121658524236643029e-01
4.997676435995345168e-01
4.876140534768887980e-01
4.757013038438924757e-01
4.640256348078104498e-01
4.525833068032531492e-01
4.413706024812145134e-01
4.303838284841398076e-01
4.196193171112265752e-01
4.090734278783235145e-01
3.987425489768721687e-01
3.886230986361206008e-01
3.787115263924334951e-01
3.690043142694663936e-01
3.594979778736109854e-01
3.501890674078042553e-01
3.410741686074756363e-01
3.321499036021108298e-01
3.234129317052559793e-01
3.148599501368730680e-01
3.064876946804468427e-01
2.982929402783338069e-01
2.902725015680848730e-01
2.824232333621131130e-01
2.747420310741363614e-01
2.672258310942774995e-01
2.598716111155651709e-01
2.526763904143148887e-01
2.456372300863513825e-01
2.387512332419002292e-01
2.320155451606548125e-01
2.254273534094566322e-01
2.189838879244999925e-01
2.126824210595557874e-01
2.065202676027215190e-01
2.004947847629608426e-01
1.946033721283195739e-01
1.888434715974746658e-01
1.832125672858516408e-01
1.777081854083405188e-01
1.723278941394822961e-01
1.670693034528597798e-01
1.619300649410213289e-01
1.569078716168790244e-01
1.520004576982662281e-01
1.472055983764152254e-01
1.425211095697447861e-01
1.379448476637484544e-01
1.334747092382139178e-01
1.291086307828088475e-01
1.248445884017517216e-01
1.206805975086875787e-01
1.166147125124400580e-01
1.126450264945628998e-01
1.087696708794633899e-01
1.049868150977873449e-01
1.012946662439251216e-01
9.769146872816247829e-02
9.417550392420899474e-02
9.074508981278386899e-02
8.739858062170383080e-02
8.413436646316722889e-02
8.095087296867893578e-02
7.784656092225988866e-02
7.481992589231943602e-02
7.186949786271717988e-02
6.899384086345584921e-02
6.619155260136797003e-02
6.346126409126327805e-02
6.080163928790287969e-02
5.821137471918966244e-02
5.568919912089634328e-02
5.323387307323145662e-02
5.084418863962948676e-02
4.851896900799115148e-02
4.625706813468995204e-02
4.405737039160691898e-02
4.191879021645390085e-02
3.984027176662730679e-02
3.782078857678682071e-02
3.585934322046067935e-02
3.395496697572081973e-02
3.210671949531829911e-02
3.031368848130009189e-02
2.857498936437197906e-02
2.688976498816720087e-02
2.525718529848667779e-02
2.367644703780578952e-02
2.214677344504067946e-02
2.066741396077440701e-02
1.923764393809729648e-02
1.785676435907796594e-02
1.652410155709838416e-02
1.523900694506123352e-02
1.400085674959826790e-02
1.280905175140824824e-02
1.166301703171740423e-02
1.056220172508222366e-02
9.506078778493172107e-03
8.494144716901705014e-03
7.525919415280041963e-03
6.600945877175482847e-03
5.718790019957295002e-03
4.879040466701959483e-03
4.081308344837089944e-03
3.325227091605267252e-03
2.610452266335913044e-03
1.936661369677361534e-03
1.303553669738988490e-03
7.108500352582196964e-04
1.582927758167404757e-04
-3.543545108603779015e-04
-8.273070844480881697e-04
-1.260759200395423314e-03
-1.654884241073228349e-03
-2.009834839647195361e-03
-2.325742996654020164e-03
-2.602720189200693080e-03
-2.840857472793509655e-03
-3.040225575725370288e-03
-3.200874985982617854e-03
-3.322836030640835374e-03
-3.406118947687857522e-03
-3.450713950249085799e-03
-3.456591283152446112e-03
-3.423701271805362854e-03
-3.351974363332867884e-03
-3.241321159919712154e-03
-3.091632444325288775e-03
-2.902779197506757339e-03
-2.674612608301592514e-03
-2.406964075115218451e-03
-2.099645199575896851e-03
-1.752447772082151977e-03
-1.365143749199430011e-03
-9.374852228349689559e-04
-4.692043811487087612e-04
3.998653890434945575e-05
5.903953074233109439e-04
1.182349765874507550e-03
1.816197899958706379e-03
2.492307921075053931e-03
3.211068356486805869e-03
3.972888148218903237e-03
4.778196760844031186e-03
5.627444298156475747e-03
6.521101628838516483e-03
7.459660521236048149e-03
8.443633787266596399e-03
9.473555435627880814e-03
1.054998083431693892e-02
1.167348688263507468e-02
1.284467219272403780e-02
1.406415728070137261e-02
1.533258476757818831e-02
1.665061958997248251e-02
1.801894922077290281e-02
1.943828389986456545e-02
2.090935687499354684e-02
2.243292465293135474e-02
2.400976726094690081e-02
2.564068851879697936e-02
2.732651632131288463e-02
2.906810293164888495e-02
3.086632528543387793e-02
3.272208530581855596e-02
3.463631022959946099e-02
3.660995294451022120e-02
3.864399233775500653e-02
4.073943365603448913e-02
4.289730887700033551e-02
4.511867709240902774e-02
4.740462490305476922e-02
4.975626682548724145e-02
5.217474571079201012e-02
5.466123317536180498e-02
5.721693004391502357e-02
5.984306680477369245e-02
6.254090407755318048e-02
6.531173309337957866e-02
6.815687618761337441e-02
7.107768730525369782e-02
7.407555251906886018e-02
7.715189056052944305e-02
8.030815336361174506e-02
8.354582662150397687e-02
8.686643035635825683e-02
9.027151950197162544e-02
9.376268449948879646e-02
9.734155190612958641e-02
1.010097850169526662e-01
1.047690844995846499e-01
1.086211890419639253e-01
1.125678760130487954e-01
1.166109621362776405e-01
1.207523041758240268e-01
1.249937996354032882e-01
1.293373874696339687e-01
1.337850488076809397e-01
1.383388076890416651e-01
1.430007318113204196e-01
1.477729332894950620e-01
1.526575694265943084e-01
1.576568434953709297e-01
1.627730055305665613e-01
1.680083531314864875e-01
1.733652322742130492e-01
1.788460381333397131e-01
1.844532159120897685e-01
1.901892616806190872e-01
1.960567232217570732e-01
2.020582008831697529e-01
2.081963484356256222e-01
2.144738739360204371e-01
2.208935405945334218e-01
2.274581676446774114e-01
2.341706312149233193e-01
2.410338652012612992e-01
2.480508621386688095e-01
2.552246740705482186e-01
2.625584134145919069e-01
2.700552538230222011e-01
2.777184310359644970e-01
2.855512437253927005e-01
2.935570543281654232e-01
3.017392898657227929e-01
3.101014427477874480e-01
3.186470715584344138e-01
3.273798018207589311e-01
3.363033267379303970e-01
3.454214079073454347e-01
3.547378760043654045e-01
3.642566314327638222e-01
3.739816449372976859e-01
3.839169581753391070e-01
3.940666842428028338e-01
4.044350081495755034e-01
4.150261872405541230e-01
4.258445515562081507e-01
4.368945041280913322e-01
4.481805212031263475e-01
4.597071523909554980e-01
4.714790207277548273e-01
4.835008226494024175e-01
4.957773278673847095e-01
5.083133791394638390e-01
5.211138919271500747e-01
5.341838539316766665e-01
5.475283244993411902e-01
5.611524338869448014e-01
5.750613823769972210e-01
5.892604392325332396e-01
6.037549414803692338e-01
6.185502925111902028e-01
6.336519604841681641e-01
6.490654765236497648e-01
6.647964326938824442e-01
6.808504797376940809e-01
6.972333245646239464e-01
7.139507274723850827e-01
7.310084990859199161e-01
7.484124969965991747e-01
7.661686220839473149e-01
7.842828145012246122e-01
8.027610493048210616e-01
8.216093317080391811e-01
8.408336919375289931e-01
8.604401796704531646e-01
8.804348580298415605e-01
9.008237971135956146e-01
9.216130670334061747e-01
9.428087304368933941e-01
9.644168344872912080e-01
9.864434022732815333e-01
1.008894423619646874e+00
1.031775845271553971e+00
1.055093560420197418e+00
1.078853397540568526e+00
1.103061108509295174e+00
1.127722355969236201e+00
1.152842699909846225e+00
1.178427583427049896e+00
1.204482317630313881e+00
1.231012065661384547e+00
1.258021825788518067e+00
1.285516413543154268e+00
1.313500442860619843e+00
1.341978306191404569e+00
1.370954153546746657e+00
1.400431870442204518e+00
1.430415054706930533e+00
1.460906992121865589e+00
1.491910630856426501e+00
1.523428554670933188e+00
1.555462954853455981e+00
1.588015600865603894e+00
1.621087809667417279e+00
1.654680413700563291e+00
1.688793727508672848e+00
1.723427512976444032e+00
1.758580943176999867e+00
1.794252564815563611e+00
1.830440259268723668e+00
1.867141202218771001e+00
1.904351821891542507e+00
1.942067755914767213e+00
1.980283806817386028e+00
2.018993896202550875e+00
2.058191017633604680e+00
2.097867188283387030e+00
2.138013399407997728e+00
2.178619565716748863e+00
2.219674473726858999e+00
2.261165729200491636e+00
2.303079703778223575e+00
2.345401480939753203e+00
2.388114801436954426e+00
2.431202008364040879e+00
2.474643992047782959e+00
2.518420134962086276e+00
2.562508256890150715e+00
2.606884560580052579e+00
2.651523578160842387e+00
2.696398118613101413e+00
2.741479216606352409e+00
2.786736083047182788e+00
2.832136057706059695e+00
2.877644564312418218e+00
2.923225068538827465e+00
2.968839039316792494e+00
3.014445913955937417e+00
3.060003067560495893e+00
3.105465787264235722e+00
3.150787251831851155e+00
3.195918517188201413e+00
3.240808508464180893e+00
3.285404019164165135e+00
3.329649718072739795e+00
3.373488164534871103e+00
3.416859832749816750e+00
3.459703145727932139e+00
3.501954519553009959e+00
3.543548418588293725e+00
3.584417422259380537e+00
3.624492304019078848e+00
3.663702123082071438e+00
3.701974329485026693e+00
3.739234882981527619e+00
3.775408386237180114e+00
3.810418232724332110e+00
3.844186769656221081e+00
3.876635476215803067e+00
3.907685157246027163e+00
3.937256152478324278e+00
3.965268561253105339e+00
3.991642482575694206e+00
4.016298270217917299e+00
4.039156802435085680e+00
4.060139765724568583e+00
4.079169951889823231e+00
4.096171567516242895e+00
4.111070554788639697e+00
4.123794922407714836e+00
4.134275085191042365e+00
4.142444210759427037e+00
4.148238571539850206e+00
4.151597900143807252e+00
4.152465746008317637e+00
4.150789831036659550e+00
4.146522401828129034e+00
4.139620575962648985e+00
4.130046679693855083e+00
4.117768574315420871e+00
4.102759968410701674e+00
4.085000713146779816e+00
4.064477077779260483e+00
4.041182002562723419e+00
4.015115326321629041e+00
3.986283986042087779e+00
3.954702185977904350e+00
3.920391533944203921e+00
3.883381142677681641e+00
3.843707694393324825e+00
3.801415466956204803e+00
3.756556320391987835e+00
3.709189642805130749e+00
3.659382255141755635e+00
3.607208274617798249e+00
3.552748937042739197e+00
3.496092378692597258e+00
3.437333378828914210e+00
3.376573064413551428e+00
3.313918579038131362e+00
3.249482718582706653e+00
3.183383536615247422e+00
3.115743923055802167e+00
3.046691160134127330e+00
2.976356460124489178e+00
2.904874489695891349e+00
2.832382885850605714e+00
2.759021768211552761e+00
2.684933251607672489e+00
2.610260961246419154e+00
2.535149549970962202e+00
2.459744212994928070e+00
2.384190190132734255e+00
2.308632239450893131e+00
2.233214060721191441e+00
2.158077644013810747e+00
2.083362520763892167e+00
2.009204903707228151e+00
1.935736718501636977e+00
1.863084551269644118e+00
1.791368557453129284e+00
1.720701391771760402e+00
1.651187221771223568e+00
1.582920877505263446e+00
1.515987171119072219e+00
1.450460399526490862e+00
1.386404028200514338e+00
1.323870549053327794e+00
1.262901511763023343e+00
1.203527743736396260e+00
1.145769794171516143e+00
1.089638654796042827e+00
1.035136814118374771e+00
9.822596833140264660e-01
9.309973833871951765e-01
8.813368068071879557e-01
8.332637770171427150e-01
7.867650542419523108e-01
7.418299106527630471e-01
6.984510462116717555e-01
6.566247339390951510e-01
6.163502320580431793e-01
5.776286306160935968e-01
5.404613766889428961e-01
5.048487293658212582e-01
4.707883462495645044e-01
4.382741311136835738e-01
4.072954033763128145e-01
3.778363957756013525e-01
3.498760506522267111e-01
3.233880662591052113e-01
2.983411386174957269e-01
2.746993470570888718e-01
2.524226386950398915e-01
2.314673757185037872e-01
2.117869174564970536e-01
1.933322157432925403e-01
1.760524065872367538e-01
1.598953838707689867e-01
1.448083423559326788e-01
1.307382785136768921e-01
1.176324393995585166e-01
1.054387123458873504e-01
9.410595149186072594e-02
8.358424060923860810e-02
7.382509456973194995e-02
6.478160381004165191e-02
5.640852728452632608e-02
4.866234024922011514e-02
4.150124495093528848e-02
3.488515646698771983e-02
2.877568442273335109e-02
2.313614618382207888e-02
1.793166940595725470e-02
1.312946947233844044e-02
8.699409937247902513e-03
4.614944863930846297e-03
8.544557157259836380e-04
