1.175898915790059632e-02
1.120562081483943845e-02
1.068026583015304655e-02
1.018358509712586658e-02
9.716596172829944020e-03
9.280619606412153499e-03
8.877237417922383828e-03
8.508271716384793043e-03
8.175778715948866029e-03
7.882047960393623667e-03
7.629598150525997505e-03
7.421165385100420703e-03
7.259683481800035913e-03
7.148258174953173692e-03
7.090137641578224403e-03
7.088681619236457572e-03
7.147330860706508152e-03
7.269578115637905132e-03
7.458941359617447982e-03
7.718939637123636149e-03
8.053071637401338495e-03
8.464796958984489167e-03
8.957519916474943403e-03
9.534575683093529652e-03
1.019921852982394808e-02
1.095461190542397316e-02
1.180382009290882432e-02
1.274980117059112093e-02
1.379540099328871623e-02
1.494334788559642697e-02
1.619624769717972063e-02
1.755657880170719345e-02
1.902668651865280225e-02
2.060877629760464458e-02
2.230490483967814686e-02
2.411696818629545727e-02
2.604668579256768160e-02
2.809557991964150084e-02
3.026495058816958128e-02
3.255584799515783001e-02
3.496904643549850894e-02
3.750502536110104229e-02
4.016396272303041776e-02
4.294574235635058301e-02
4.584997216938164338e-02
4.887600634659531457e-02
5.202296497065073827e-02
5.528974783101939239e-02
5.867504303706234936e-02
6.217733318830869632e-02
6.579490192405901272e-02
6.952584258983773857e-02
7.336806953148709842e-02
7.731933168514301680e-02
8.137722774830968842e-02
8.553922216115550370e-02
8.980266123884765583e-02
9.416478896177976621e-02
9.862276209086141832e-02
1.031736644057704294e-01
1.078145199610808236e-01
1.125423053226075332e-01
1.173539607907600063e-01
1.222464006453860552e-01
1.272165224626830571e-01
1.322612155630042419e-01
1.373773686515643577e-01
1.425618767139929244e-01
1.478116472267003156e-01
1.531236057389046279e-01
1.584947008794898304e-01
1.639219088379597622e-01
1.694022373648811364e-01
1.749327293334336231e-01
1.805104659001469103e-01
1.861325692995905445e-01
1.917962053047554682e-01
1.974985853820321879e-01
2.032369685671740756e-01
2.090086630862864614e-01
2.148110277438013693e-01
2.206414730974646798e-01
2.264974624386597579e-01
2.323765125948017152e-01
2.382761945691311556e-01
2.441941340319311871e-01
2.501280116760334904e-01
2.560755634484058740e-01
2.620345806686568135e-01
2.680029100444054069e-01
2.739784535926733655e-01
2.799591684757104515e-01
2.859430667590105446e-01
2.919282150986507451e-01
2.979127343645456283e-01
3.038947992056663661e-01
3.098726375628478302e-01
3.158445301343338341e-01
3.218088097988454077e-01
3.277638610005719766e-01
3.337081191001640135e-01
3.396400696954808840e-01
3.455582479155809850e-01
3.514612376911595004e-01
3.573476710044115046e-01
3.632162271210617743e-01
3.690656318071026121e-01
3.748946565325806390e-01
3.807021176646007699e-01
3.864868756515442150e-01
3.922478342003543061e-01
3.979839394485831794e-01
4.036941791327848805e-01
4.093775817546905782e-01
4.150332157465149718e-01
4.206601886366030940e-01
4.262576462165669766e-01
4.318247717109336414e-01
4.373607849502639255e-01
4.428649415486120011e-01
4.483365320861287251e-01
4.537748812975258561e-01
4.591793472670807064e-01
4.645493206307704237e-01
4.698842237860961224e-01
4.751835101100851388e-01
4.804466631859242720e-01
4.856731960386262981e-01
4.908626503800867513e-01
4.960145958638573771e-01
5.011286293499197519e-01
5.062043741797018770e-01
5.112414794615705027e-01
5.162396193669763766e-01
5.211984924374253314e-01
5.261178209023993357e-01
5.309973500083564613e-01
5.358368473588837055e-01
5.406361022660852722e-01
5.453949251132481635e-01
5.501131467288278287e-01
5.547906177717627507e-01
5.594272081281297382e-01
5.640228063191147223e-01
5.685773189202891764e-01
5.730906699921413106e-01
5.775628005218221839e-01
5.819936678760461168e-01
5.863832452650798999e-01
5.907315212177393082e-01
5.950384990673189822e-01
5.993041964483524220e-01
6.035286448041117247e-01
6.077118889047384842e-01
6.118539863759061559e-01
6.159550072378814356e-01
6.200150334548903963e-01
6.240341584946442755e-01
6.280124868979145569e-01
6.319501338580155725e-01
6.358472248100714985e-01
6.397038950299295257e-01
6.435202892425833099e-01
6.472965612399663726e-01
6.510328735079800033e-01
6.547293968626087812e-01
6.583863100949842728e-01
6.620037996252517987e-01
6.655820591650997153e-01
6.691212893888025537e-01
6.726216976126437874e-01
6.760834974825574717e-01
6.795069086698624083e-01
6.828921565749302980e-01
6.862394720386550961e-01
6.895490910615696967e-01
6.928212545304855974e-01
6.960562079524927892e-01
6.992542011961986326e-01
7.024154882400517330e-01
7.055403269276223632e-01
7.086289787296939924e-01
7.116817085130400233e-01
7.146987843157404097e-01
7.176804771289136964e-01
7.206270606847298144e-01
7.235388112505699576e-01
7.264160074292085323e-01
7.292589299648878365e-01
7.320678615551599044e-01
7.348430866683755003e-01
7.375848913666908091e-01
7.402935631344769174e-01
7.429693907120098473e-01
7.456126639343261253e-01
7.482236735751216505e-01
7.508027111955909438e-01
7.533500689980834331e-01
7.558660396844772977e-01
7.583509163191506364e-01
7.608049921964532558e-01
7.632285607125645077e-01
7.656219152416432472e-01
7.679853490161582252e-01
7.703191550113084318e-01
7.726236258334289175e-01
7.748990536122893902e-01
7.771457298971862215e-01
7.793639455567394903e-01
7.815539906822985827e-01
7.837161544948749725e-01
7.858507252555019251e-01
7.879579901789491858e-01
7.900382353506935074e-01
7.920917456470786266e-01
7.941188046585585525e-01
7.961196946159735388e-01
7.980946963197562694e-01
8.000440890720074139e-01
8.019681506113539582e-01
8.038671570505278030e-01
8.057413828165809200e-01
8.075911005936750042e-01
8.094165812683701278e-01
8.112180938773512207e-01
8.129959055575191051e-01
8.147502814983870190e-01
8.164814848967154592e-01
8.181897769133237297e-01
8.198754166320166847e-01
8.215386610205700491e-01
8.231797648937103640e-01
8.247989808780401555e-01
8.263965593788451525e-01
8.279727485487375915e-01
8.295277942580676633e-01
8.310619400670719026e-01
8.325754271996850253e-01
8.340684945189857924e-01
8.355413785042110630e-01
8.369943132293049537e-01
8.384275303429473691e-01
8.398412590500188291e-01
8.412357260944571813e-01
8.426111557434659005e-01
8.439677697730263439e-01
8.453057874546786588e-01
8.466254255435244902e-01
8.479268982674218469e-01
8.492104173173189441e-01
8.504761918387070407e-01
8.517244284241383134e-01
8.529553311067894494e-01
8.541691013550226641e-01
8.553659380679204949e-01
8.565460375717511843e-01
8.577095936173443347e-01
8.588567973783327592e-01
8.599878374502385459e-01
8.611028998503698073e-01
8.622021680185004699e-01
8.632858228183030169e-01
8.643540425395080939e-01
8.654070029007617793e-01
8.664448770531549826e-01
8.674678355843997712e-01
8.684760465236296412e-01
8.694696753467924255e-01
8.704488849826201857e-01
8.714138358191482192e-01
8.723646857107610897e-01
8.733015899857440312e-01
8.742247014543176320e-01
8.751341704171372582e-01
8.760301446742346787e-01
8.769127695343804652e-01
8.777821878248532883e-01
8.786385399015911313e-01
8.794819636597109858e-01
8.803125945443721623e-01
8.811305655619784405e-01
8.819360072916861970e-01
8.827290478972180665e-01
8.835098131389507170e-01
8.842784263862736305e-01
8.850350086301960184e-01
8.857796784961913250e-01
8.865125522572598893e-01
8.872337438472035487e-01
8.879433648740892027e-01
8.886415246338976726e-01
8.893283301243340988e-01
8.900038860587975442e-01
8.906682948804883759e-01
8.913216567766533149e-01
8.919640696929385104e-01
8.925956293478600756e-01
8.932164292473633305e-01
8.938265606994718615e-01
8.944261128290078577e-01
8.950151725923782831e-01
8.955938247924156714e-01
8.961621520932637752e-01
8.967202350352971862e-01
8.972681520500663810e-01
8.978059794752624168e-01
8.983337915696850695e-01
8.988516605282137473e-01
8.993596564967673013e-01
8.998578475872468507e-01
9.003462998924551819e-01
9.008250775009790656e-01
9.012942425120330503e-01
9.017538550502549599e-01
9.022039732804463252e-01
9.026446534222454243e-01
9.030759497647369294e-01
9.034979146809807293e-01
9.039105986424583739e-01
9.043140502334293673e-01
9.047083161651915395e-01
9.050934412902373882e-01
9.054694686163041739e-01
9.058364393203061082e-01
9.061943927621470829e-01
9.065433664984072770e-01
9.068833962958968709e-01
9.072145161450697604e-01
9.075367582732969396e-01
9.078501531579873385e-01
9.081547295395592245e-01
9.084505144342442939e-01
9.087375331467348882e-01
9.090158092826553515e-01
9.092853647608619694e-01
9.095462198255577224e-01
9.097983930582292933e-01
9.100419013893877862e-01
9.102767601101171557e-01
9.105029828834237948e-01
9.107205817553785110e-01
9.109295671660543325e-01
9.111299479602472662e-01
9.113217313979774525e-01
9.115049231647721628e-01
9.116795273817169809e-01
9.118455466152778355e-01
9.120029818868847782e-01
9.121518326822751765e-01
9.122920969605911035e-01
9.124237711632294801e-01
9.125468502224335365e-01
9.126613275696296990e-01
9.127671951434974673e-01
9.128644433977767259e-01
9.129530613087958324e-01
9.130330363827300344e-01
9.131043546625772223e-01
9.131670007348450246e-01
9.132209577359531316e-01
9.132662073583374118e-01
9.133027298562589325e-01
9.133305040513074458e-01
9.133495073375975659e-01
9.133597156866541944e-01
9.133611036519805326e-01
9.133536443733067944e-01
9.133373095805091824e-01
9.133120695972040126e-01
9.132778933440016678e-01
9.132347483414261502e-01
9.131826007124872469e-01
9.131214151849039729e-01
9.130511550929782949e-01
9.129717823791058118e-01
9.128832575949251682e-01
9.127855399021012062e-01
9.126785870727329719e-01
9.125623554893861344e-01
9.124368001447420440e-01
9.123018746408594337e-01
9.121575311880433246e-01
9.120037206033171362e-01
9.118403923084920093e-01
9.116674943278263443e-01
9.114849732852776665e-01
9.112927744013307185e-01
9.110908414894065555e-01
9.108791169518403175e-01
9.106575417754255719e-01
9.104260555265223376e-01
9.101845963457152466e-01
9.099331009420277283e-01
9.096715045866756721e-01
9.093997411063645675e-01
9.091177428761160195e-01
9.088254408116249738e-01
9.085227643611386572e-01
9.082096414968529041e-01
9.078859987058180980e-01
9.075517609803528396e-01
9.072068518079573485e-01
9.068511931607196042e-01
9.064847054842107843e-01
9.061073076858633391e-01
9.057189171228281488e-01
9.053194495893006621e-01
9.049088193033159033e-01
9.044869388930004694e-01
9.040537193822816286e-01
9.036090701760445265e-01
9.031528990447321714e-01
9.026851121083838692e-01
9.022056138201074438e-01
9.017143069489785834e-01
9.012110925623579849e-01
9.006958700076294067e-01
9.001685368933473042e-01
8.996289890697898306e-01
8.990771206089147594e-01
8.985128237837108900e-01
8.979359890469410521e-01
8.973465050092749307e-01
8.967442584168004993e-01
8.961291341279161715e-01
8.955010150895983401e-01
8.948597823130405304e-01
8.942053148486580616e-01
8.935374897604599909e-01
8.928561820997794607e-01
8.921612648783671107e-01
8.914526090408345649e-01
8.907300834364612063e-01
8.899935547903465860e-01
8.892428876739235655e-01
8.884779444748149846e-01
8.876985853660492864e-01
8.869046682746242194e-01
8.860960488494243892e-01
8.852725804284967692e-01
8.844341140056805051e-01
8.835804981966015603e-01
8.827115792040300946e-01
8.818272007826046810e-01
8.809272042029364647e-01
8.800114282150895972e-01
8.790797090114539358e-01
8.781318801890154457e-01
8.771677727110327449e-01
8.761872148681307815e-01
8.751900322388286302e-01
8.741760476495057386e-01
8.731450811338300477e-01
8.720969498916592011e-01
8.710314682474394887e-01
8.699484476081119633e-01
8.688476964205583686e-01
8.677290201286025351e-01
8.665922211295953304e-01
8.654370987306118090e-01
8.642634491042895384e-01
8.630710652443421838e-01
8.618597369207838810e-01
8.606292506348959259e-01
8.593793895739849642e-01
8.581099335659685412e-01
8.568206590338417472e-01
8.555113389500691445e-01
8.541817427909615956e-01
8.528316364910879521e-01
8.514607823977937695e-01
8.500689392258774513e-01
8.486558620125075336e-01
8.472213020724469468e-01
8.457650069536696291e-01
8.442867203934472098e-01
8.427861822750042364e-01
8.412631285848269913e-01
8.397172913707340314e-01
8.381483987008097047e-01
8.365561746233256546e-01
8.349403391277534503e-01
8.333006081070173376e-01
8.316366933211013501e-01
8.299483023621702094e-01
8.282351386213421263e-01
8.264969012572819240e-01
8.247332851667794618e-01
8.229439809574908837e-01
8.211286749230343185e-01
8.192870490206328737e-01
8.174187808515145370e-01
8.155235436442910268e-01
8.136010062415393040e-01
8.116508330898430934e-01
8.096726842335294494e-01
8.076662153123910226e-01
8.056310775636570387e-01
8.035669178285220760e-01
8.014733785635310692e-01
7.993500978571574933e-01
7.971967094519066821e-01
7.950128427723074376e-01
7.927981229591581913e-01
7.905521709104288419e-01
7.882746033292138410e-01
7.859650327791734004e-01
7.836230677479002482e-01
7.812483127186816700e-01
7.788403682511344517e-01
7.763988310712270913e-01
7.739232941711958746e-01
7.714133469199211390e-01
7.688685751843110650e-01
7.662885614622979569e-01
7.636728850280387615e-01
7.610211220899686380e-01
7.583328459623508433e-01
7.556076272510028335e-01
7.528450340538991314e-01
7.500446321773724945e-01
7.472059853686502384e-01
7.443286555655028724e-01
7.414122031637744303e-01
7.384561873036171731e-01
7.354601661752513397e-01
7.324236973451005994e-01
7.293463381031669579e-01
7.262276458325278572e-01
7.230671784018523063e-01
7.198644945818547525e-01
7.166191544865964103e-01
7.133307200405919479e-01
7.099987554726479022e-01
7.066228278373971605e-01
7.032025075654607660e-01
6.997373690432021620e-01
6.962269912230063529e-01
6.926709582650282249e-01
6.890688602113257399e-01
6.854202936932968226e-01
6.817248626732907990e-01
6.779821792212433751e-01
6.741918643271509470e-01
6.703535487501582901e-01
6.664668739049786073e-01
6.625314927863193981e-01
6.585470709319151128e-01
6.545132874246933907e-01
6.504298359344985458e-01
6.462964257997318995e-01
6.421127831491341142e-01
6.378786520638417556e-01
6.335937957797107556e-01
6.292579979297816539e-01
6.248710638265598805e-01
6.204328217836563297e-01
6.159431244761301993e-01
6.114018503386965397e-01
6.068089050007401397e-01
6.021642227568738681e-01
5.974677680715282380e-01
5.927195371157942816e-01
5.879195593344681559e-01
5.830678990409828844e-01
5.781646570375944538e-01
5.732099722578878342e-01
5.682040234283468605e-01
5.631470307453941837e-01
5.580392575639254726e-01
5.528810120930214289e-01
5.476726490941424830e-01
5.424145715767394460e-01
5.371072324858209290e-01
5.317511363756461940e-01
5.263468410633109773e-01
5.208949592555978114e-01
5.153961601420713468e-01
5.098511709470522346e-01
5.042607784327172160e-01
4.986258303452375529e-01
4.929472367955332612e-01
4.872259715659384427e-01
4.814630733337464386e-01
4.756596468024112956e-01
4.698168637309508844e-01
4.639359638519587326e-01
4.580182556685047923e-01
4.520651171201626739e-01
4.460779961083946032e-01
4.400584108716066312e-01
4.340079502003096334e-01
4.279282734830549551e-01
4.218211105740834466e-01
4.156882614740270987e-01
4.095315958154081559e-01
4.033530521452809436e-01
3.971546369979673807e-01
3.909384237515782234e-01
3.847065512627964035e-01
3.784612222753085953e-01
3.722047015982363205e-01
3.659393140519477949e-01
3.596674421797593779e-01
3.533915237252484021e-01
3.471140488760812159e-01
3.408375572765197647e-01
3.345646348120366320e-01
3.282979101707474978e-01
3.220400511875863847e-01
3.157937609784119415e-01
3.095617738723988599e-01
3.033468511521388300e-01
2.971517766118205173e-01
2.909793519447367860e-01
2.848323919720241459e-01
2.787137197250640908e-01
2.726261613942673190e-01
2.665725411570581960e-01
2.605556758975575704e-01
2.545783698298446640e-01
2.486434090355820747e-01
2.427535559251618735e-01
2.369115436291347188e-01
2.311200703235684051e-01
2.253817934887823449e-01
2.196993240955092408e-01
2.140752207058995993e-01
2.085119834689693197e-01
2.030120479813489198e-01
1.975777789753694058e-01
1.922114637892810562e-01
1.869153055711089140e-01
1.816914161716773890e-01
1.765418086985093005e-01
1.714683897353334041e-01
1.664729512854975224e-01
1.615571625723230820e-01
1.567225619205903087e-01
1.519705490376162815e-01
1.473023780907471714e-01
1.427191520194973917e-01
1.382218185089672535e-01
1.338111679837865331e-01
1.294878338726100919e-01
1.252522952690370839e-01
1.211048820067578968e-01
1.170457820965441209e-01
1.130750514444635590e-01
1.091926257697822950e-01
1.053983346382270508e-01
1.016919174833445794e-01
9.807304136852980359e-02
9.454132002228311793e-02
9.109633336108406698e-02
8.773764633939977464e-02
8.446482562416555984e-02
8.127745240567560425e-02
7.817512975239389317e-02
7.515748336432079291e-02
7.222415534342416232e-02
6.937479152887551792e-02
6.660902381721074683e-02
6.392644948976357322e-02
6.132660977768615573e-02
5.880896971150316455e-02
5.637290083473908697e-02
5.401766776458449826e-02
5.174241900366312319e-02
4.954618194124183611e-02
4.742786166840785855e-02
4.538624306409311943e-02
4.341999555608479222e-02
4.152767998408129352e-02
3.970775705474936801e-02
3.795859695315344229e-02
3.627848974259826470e-02
3.466565623628797138e-02
3.311825905757385946e-02
3.163441362514147343e-02
3.021219881383510608e-02
2.884966706068881753e-02
2.754485371709545702e-02
2.629578549524810155e-02
2.510048791786672132e-02
2.395699174821469893e-02
2.286333844603994844e-02
2.181758476100072522e-02
2.081780664279189383e-02
1.986210273184054950e-02
1.894859781895346165e-02
1.807544685790790293e-02
1.724084041611224222e-02
1.644301288129940142e-02
1.568025530441822385e-02
1.495093537503773030e-02
1.425352746477530526e-02
1.358665544256917358e-02
1.294914925061604535e-02
1.234011215380443130e-02
