1.175900934966126604e-02
1.080893901831523653e-02
9.946254795795854420e-03
9.176557832255403599e-03
8.508125882534590609e-03
7.951505894602918859e-03
7.519424294947590036e-03
7.226656325940716830e-03
7.089700737621866360e-03
7.126317249035795526e-03
7.355030165481215784e-03
7.794669012606462478e-03
8.463978338607933832e-03
9.381303875413757667e-03
1.056434956443618768e-02
1.202999453975516636e-02
1.379415718837093650e-02
1.587169238623664311e-02
1.827630608602754531e-02
2.102046676261482006e-02
2.411528417144791561e-02
2.757031418943370338e-02
3.139324922264864759e-02
3.558950515708911994e-02
4.016184136945425559e-02
4.511023784576526779e-02
5.043209952912123401e-02
5.612257782834778608e-02
6.217479062853865229e-02
6.857994528241680154e-02
7.532747267916709011e-02
8.240522448410279865e-02
8.979971920586461709e-02
9.749640354427827060e-02
1.054799033611178299e-01
1.137342509035166038e-01
1.222430836114979796e-01
1.309898145741580366e-01
1.399577768452544280e-01
1.491303445784258330e-01
1.584910340171662158e-01
1.680235871583274088e-01
1.777120405894808963e-01
1.875407816676289974e-01
1.974945938968688530e-01
2.075586930887866610e-01
2.177187556536624158e-01
2.279609401703795446e-01
2.382719032139678228e-01
2.486388102773842146e-01
2.590493425042331710e-01
2.694916998479434667e-01
2.799546011873053075e-01
2.904272818556058455e-01
3.008994889787394156e-01
3.113614749648200286e-01
3.218039894425085978e-01
3.322182699063171984e-01
3.425960312935410479e-01
3.529294546883861017e-01
3.632111753236449414e-01
3.734342700283230232e-01
3.835922442505022567e-01
3.936790187680019315e-01
4.036889161847853069e-01
4.136166472982093500e-01
4.234572974109637733e-01
4.332063126516195184e-01
4.428594863589869757e-01
4.524129455777806119e-01
4.618631377063072696e-01
4.712068173308882058e-01
4.804410332764419977e-01
4.895631158979710240e-01
4.985706646335615333e-01
5.074615358358577355e-01
5.162338308957409305e-01
5.248858846691052404e-01
5.334162542150981956e-01
5.418237078519897443e-01
5.501072145348848696e-01
5.582659335577764281e-01
5.662992045809444042e-01
5.742065379833853900e-01
5.819876055388191194e-01
5.896422314128129116e-01
5.971703834777131181e-01
6.045721649413206000e-01
6.118478062846121057e-01
6.189976575032736239e-01
6.260221806473409423e-01
6.329219426528740478e-01
6.396976084592662648e-01
6.463499344055432250e-01
6.528797618987977058e-01
6.592880113477534998e-01
6.655756763543438925e-01
6.717438181561128374e-01
6.777935603121999497e-01
6.837260836256684460e-01
6.895426212949358202e-01
6.952444542871134558e-01
7.008329069261093336e-01
7.063093426884266002e-01
7.116751601996675891e-01
7.169317894248690148e-01
7.220806880458874311e-01
7.271233380191929330e-01
7.320612423075356645e-01
7.368959217791128946e-01
7.416289122679767809e-01
7.462617617895842548e-01
7.507960279055400088e-01
7.552332752317199027e-01
7.595750730841314136e-01
7.638229932570085312e-01
7.679786079278015931e-01
7.720434876838678795e-01
7.760191996658293290e-01
7.799073058227151689e-01
7.837093612741509174e-01
7.874269127750158637e-01
7.910614972781311316e-01
7.946146405906877597e-01
7.980878561202670030e-01
8.014826437064472842e-01
8.048004885341285553e-01
8.080428601248382803e-01
8.112112114024182530e-01
8.143069778296190275e-01
8.173315766122566384e-01
8.202864059677041908e-01
8.231728444546156931e-01
8.259922503608966293e-01
8.287459611470396892e-01
8.314352929420723015e-01
8.340615400894468845e-01
8.366259747403285152e-01
8.391298464918234279e-01
8.415743820677957787e-01
8.439607850400063782e-01
8.462902355874125648e-01
8.485638902915397797e-01
8.507828819659352115e-01
8.529483195177891552e-01
8.550612878398882177e-01
8.571228477311517713e-01
8.591340358440594516e-01
8.610958646573710906e-01
8.630093224725879919e-01
8.648753734326861675e-01
8.666949575617122203e-01
8.684689908238860667e-01
8.701983652009264159e-01
8.718839487863638826e-01
8.735265858956620111e-01
8.751270971910201091e-01
8.766862798197830875e-01
8.782049075654285719e-01
8.796837310101505158e-01
8.811234777081018432e-01
8.825248523684003921e-01
8.838885370470443981e-01
8.852151913469187283e-01
8.865054526251183731e-01
8.877599362068390176e-01
8.889792356051281486e-01
8.901639227458212345e-01
8.913145481970078388e-01
8.924316414024194843e-01
8.935157109181408597e-01
8.945672446520835930e-01
8.955867101056831370e-01
8.965745546173051750e-01
8.975312056068645017e-01
8.984570708211878642e-01
8.993525385796694582e-01
9.002179780197845371e-01
9.010537393420485763e-01
9.018601540540230888e-01
9.026375352129876184e-01
9.033861776669094290e-01
9.041063582933595022e-01
9.047983362360361159e-01
9.054623531385651569e-01
9.060986333752643063e-01
9.067073842785627891e-01
9.072887963627879193e-01
9.078430435440192348e-01
9.083702833557478762e-01
9.088706571600566608e-01
9.093442903540646105e-01
9.097912925713825816e-01
9.102117578783159857e-01
9.106057649645838969e-01
9.109733773283004155e-01
9.113146434549885821e-01
9.116295969903926988e-01
9.119182569068489119e-01
9.121806276630030075e-01
9.124166993566318329e-01
9.126264478703540739e-01
9.128098350100046776e-01
9.129668086354504331e-01
9.130973027836226663e-01
9.132012377835507788e-01
9.132785203631653692e-01
9.133290437476579982e-01
9.133526877491674467e-01
9.133493188475664271e-01
9.133187902621265897e-01
9.132609420138331213e-01
9.131756009781113459e-01
9.130625809277429505e-01
9.129216825657237022e-01
9.127526935478398329e-01
9.125553884947081862e-01
9.123295289930407614e-01
9.120748635858917375e-01
9.117911277516278501e-01
9.114780438713721011e-01
9.111353211846654476e-01
9.107626557330816830e-01
9.103597302915336087e-01
9.099262142870041536e-01
9.094617637044276615e-01
9.089660209794531154e-01
9.084386148778083037e-01
9.078791603609883687e-01
9.072872584379877425e-01
9.066624960027878100e-01
9.060044456573237426e-01
9.053126655196401806e-01
9.045866990169458832e-01
9.038260746632952314e-01
9.030303058216019307e-01
9.021988904497056927e-01
9.013313108302245524e-01
9.004270332839053870e-01
8.994855078662203907e-01
8.985061680469451639e-01
8.974884303724700585e-01
8.964316941106149628e-01
8.953353408777192657e-01
8.941987342478068257e-01
8.930212193436426471e-01
8.918021224095146193e-01
8.905407503656138646e-01
8.892363903438982309e-01
8.878883092053860837e-01
8.864957530388349882e-01
8.850579466408353690e-01
8.835740929773790997e-01
8.820433726270348052e-01
8.804649432059168390e-01
8.788379387747181637e-01
8.771614692281478609e-01
8.754346196672191383e-01
8.736564497549240693e-01
8.718259930559524307e-01
8.699422563612365655e-01
8.680042189982450918e-01
8.660108321280997057e-01
8.639610180307786269e-01
8.618536693798293236e-01
8.596876485082601826e-01
8.574617866674816291e-01
8.551748832814459744e-01
8.528257051983921810e-01
8.504129859429345739e-01
8.479354249715501668e-01
8.453916869348998553e-01
8.427804009508234051e-01
8.401001598922792635e-01
8.373495196949970465e-01
8.345269986901134862e-01
8.316310769676582559e-01
8.286601957773496174e-01
8.256127569738511696e-01
8.224871225143562947e-01
8.192816140171587103e-01
8.159945123907135223e-01
8.126240575436081137e-01
8.091684481868486323e-01
8.056258417409121186e-01
8.019943543611617320e-01
7.982720610964085806e-01
7.944569961967034022e-01
7.905471535878059175e-01
7.865404875312140831e-01
7.824349134901793512e-01
7.782283092237318733e-01
7.739185161324169115e-01
7.695033408812097520e-01
7.649805573268790848e-01
7.603479087789668522e-01
7.556031106254470497e-01
7.507438533560927274e-01
7.457678060185408686e-01
7.406726201439863821e-01
7.354559341813616813e-01
7.301153784806978519e-01
7.246485808680986906e-01
7.190531728563387404e-01
7.133267965364953334e-01
7.074671121971078946e-01
7.014718067181791028e-01
6.953386027876715669e-01
6.890652689880570891e-01
6.826496307997534929e-01
6.760895825668677972e-01
6.693831004684405173e-01
6.625282565352152986e-01
6.555232337477072679e-01
6.483663422458737502e-01
6.410560366738613514e-01
6.335909346749175608e-01
6.259698365415444776e-01
6.181917460140852194e-01
6.102558922071049663e-01
6.021617526269961163e-01
5.939090772261099715e-01
5.854979134183082579e-01
5.769286319581061750e-01
5.682019535605701277e-01
5.593189761119029546e-01
5.502812022913512457e-01
5.410905673939436777e-01
5.317494671109634918e-01
5.222607849914033817e-01
5.126279192735420098e-01
5.028548087419116852e-01
4.929459572321259753e-01
4.829064563752942241e-01
4.727420061461615197e-01
4.624589327558938368e-01
4.520642034129070952e-01
4.415654374646796887e-01
4.309709134315074519e-01
4.202895714510184733e-01
4.095310106712227727e-01
3.987054811610404315e-01
3.878238699514266474e-01
3.768976808778006227e-01
3.659390079654297745e-01
3.549605021830009588e-01
3.439753314843475018e-01
3.329971341619264447e-01
3.220399656449398629e-01
3.111182389859338815e-01
3.002466593873904799e-01
2.894401532188280446e-01
2.787137920591640783e-01
2.680827123619630159e-01
2.575620313748749890e-01
2.471667599387157854e-01
2.369117127309434134e-01
2.268114163793833737e-01
2.168800156215103803e-01
2.071311772826575914e-01
1.975779912681847050e-01
1.882328670561705386e-01
1.791074235689621152e-01
1.702123703614116801e-01
1.615573797529708810e-01
1.531509538391236103e-01
1.450002971719004663e-01
1.371112128864366286e-01
1.294880428445789877e-01
1.221336681548194220e-01
1.150495774778283603e-01
1.082360027152738380e-01
1.016921183859157141e-01
9.541629901102846589e-02
8.940642030913813210e-02
8.366016915688234690e-02
7.817529941582768149e-02
7.294975686738673637e-02
6.798162102611583768e-02
6.326887438012360199e-02
5.880907467405789568e-02
5.459903131709121366e-02
5.063456423665294720e-02
4.691037808301614515e-02
4.342004624183959383e-02
4.015608001720936265e-02
3.711005527034035023e-02
3.427277324170426021e-02
3.163443764439285988e-02
2.918483358177953110e-02
2.691349576091074322e-02
2.480985574381081374e-02
2.286336201655114753e-02
2.106357217078131533e-02
1.940022246609339127e-02
1.786328722585602685e-02
1.644305327435653316e-02
1.513026003798950865e-02
1.391639724336580196e-02
1.279428662068966480e-02
