-2.689726892695543277e-03
-7.009528037494127707e-03
-1.073029787957016992e-02
-1.381657982532499829e-02
-1.621030111051282446e-02
-1.783367294761569952e-02
-1.858869417986721770e-02
-1.835634006571485941e-02
-1.699757470869645362e-02
-1.435611787999823558e-02
-1.026198922556225031e-02
-4.535019247268357208e-03
3.012064385208223886e-03
1.257106200255794781e-02
2.433617196420704426e-02
3.850218251370780137e-02
5.526285415209498258e-02
7.480937246879382219e-02
9.732876798679930552e-02
1.230022134281426871e-01
1.520031133167430437e-01
1.844948880928198032e-01
2.206283126844857667e-01
2.605381833059826624e-01
3.043389505358272129e-01
3.521188225616193046e-01
4.039319320615912257e-01
4.597889919167921224e-01
5.196489909426872389e-01
5.834170962112944503e-01
6.509532709943427475e-01
7.220888502695037570e-01
7.966402561575244290e-01
8.744116181144282463e-01
9.551892656670817328e-01
1.038736593181713186e+00
1.124793775714853394e+00
1.213081407288584046e+00
1.303305457437568426e+00
1.395161810904991473e+00
1.488339828287694511e+00
1.582525010966475465e+00
1.677401051259632458e+00
1.772651538472586719e+00
1.867961518377916352e+00
1.963019023793999285e+00
2.057516624734676114e+00
2.151152994561926324e+00
2.243634459225535505e+00
2.334676488365873936e+00
2.424005092885068713e+00
2.511358105836458687e+00
2.596486334456201472e+00
2.679154578858431002e+00
2.759142517113447379e+00
2.836245457824202454e+00
2.910274961845795705e+00
2.981059334817291795e+00
3.048443992215959408e+00
3.112291699149611901e+00
3.172482687638123799e+00
3.228914654938435547e+00
3.281502647411424167e+00
3.330178835280164673e+00
3.374892184575283505e+00
3.415608033373500163e+00
3.452307580150364430e+00
3.484987292706021922e+00
3.513658246565111831e+00
3.538345402090842473e+00
3.559086829766059168e+00
3.575932893066612994e+00
3.588945398333279524e+00
3.598196720783704894e+00
3.603768915425162866e+00
3.605752821298636057e+00
3.604247166806357594e+00
3.599357683359099891e+00
3.591196233952937966e+00
3.579879962468212717e+00
3.565530468951965126e+00
3.548273015325977386e+00
3.528235765251296563e+00
3.505549061320440973e+00
3.480344741930301744e+00
3.452755499677396145e+00
3.422914282522006690e+00
3.390953738457386013e+00
3.357005703857045553e+00
3.321200735365285261e+00
3.283667684741108594e+00
3.244533315725989020e+00
3.203921961801131868e+00
3.161955223363559053e+00
3.118751702724775754e+00
3.074426775182430127e+00
3.029092394240530339e+00
2.982856929058411488e+00
2.935825032095740195e+00
2.888097534903731223e+00
2.839771370047612820e+00
2.790939517109828572e+00
2.741690970798061233e+00
2.692110729227694677e+00
2.642279800491371677e+00
2.592275225730029220e+00
2.542170116979196592e+00
2.492033708152642024e+00
2.441931417618614208e+00
2.391924920915241781e+00
2.342072232239293506e+00
2.292427793440643402e+00
2.243042569342154735e+00
2.193964148299192285e+00
2.145236846994607927e+00
2.096901818553210450e+00
2.048997163140743094e+00
2.001558040282831907e+00
1.954616782223312255e+00
1.908203007705197685e+00
1.862343735618502638e+00
1.817063498034523938e+00
1.772384452185518100e+00
1.728326491011551003e+00
1.684907351950488019e+00
1.642142723673354565e+00
1.600046350533259165e+00
1.558630134518576238e+00
1.517904234540549346e+00
1.477877162913161513e+00
1.438555878924390852e+00
1.399945879407215044e+00
1.362051286250788973e+00
1.324874930818588759e+00
1.288418435241777571e+00
1.252682290593780889e+00
1.217665931952693237e+00
1.183367810371114492e+00
1.149785461797568686e+00
1.116915572983872451e+00
1.084754044434590670e+00
1.053296050460888589e+00
1.022536096396722938e+00
9.924680730548713914e-01
9.630853084956253474e-01
9.343806171814532657e-01
9.063463466061685292e-01
8.789744214724742877e-01
8.522563855029886559e-01
8.261834409692004888e-01
8.007464860231896520e-01
7.759361499112383820e-01
7.517428261562707492e-01
7.281567037909365547e-01
7.051677967189909912e-01
6.827659712899338817e-01
6.609409721598377141e-01
6.396824465161992102e-01
6.189799667435827990e-01
5.988230515968891998e-01
5.792011859584013100e-01
5.601038392442407865e-01
5.415204825254159582e-01
5.234406044310638828e-01
5.058537258918646140e-01
4.887494137844334841e-01
4.721172935353765143e-01
4.559470607370030293e-01
4.402284918306059169e-01
4.249514539077849928e-01
4.101059136776786240e-01
3.956819456467212670e-01
3.816697395575082141e-01
3.680596071287307591e-01
3.548419881351181915e-01
3.420074558678806720e-01
3.295467220149146947e-01
3.174506409942989271e-01
3.057102137741316561e-01
2.943165912117880478e-01
2.832610769451311961e-01
2.725351298629719032e-01
2.621303661819264774e-01
2.520385611569389561e-01
2.422516504513115010e-01
2.327617311893242780e-01
2.235610627126148608e-01
2.146420670631258298e-01
2.059973292130573286e-01
1.976195970604241736e-01
1.895017812074077102e-01
1.816369545399196539e-01
1.740183516236145922e-01
1.666393679325669230e-01
1.594935589245702889e-01
1.525746389758240451e-01
1.458764801888168261e-01
1.393931110854767230e-01
1.331187151968186433e-01
1.270476295591179694e-01
1.211743431273021032e-01
1.154934951153023526e-01
1.099998732719131844e-01
1.046884121002656931e-01
9.955419102885990079e-02
9.459243254211845142e-02
8.979850027676397617e-02
8.516789709047611900e-02
8.069626310890498644e-02
7.637937375709333288e-02
7.221313778031718256e-02
6.819359525902868313e-02
6.431691562294886144e-02
6.057939566817578669e-02
5.697745758191287424e-02
5.350764697811993820e-02
5.016663094752547153e-02
4.695119612527727526e-02
4.385824677955625639e-02
4.088480292372185382e-02
3.802799845436959786e-02
3.528507931796677488e-02
3.265340170825679206e-02
3.013043029658844102e-02
2.771373649675407114e-02
2.540099676635530421e-02
2.318999094632567815e-02
2.107860064010810136e-02
1.906480763375365331e-02
1.714669235828164551e-02
1.532243239563143775e-02
1.359030102915362824e-02
1.194866583969238748e-02
1.039598734816997265e-02
8.930817705578570145e-03
7.551799431209111485e-03
6.257664199873797656e-03
5.047231678701532588e-03
3.919408414223684092e-03
2.873186770454105692e-03
1.907643918432939175e-03
1.021940877788241010e-03
2.153216108074718018e-04
-5.128878303822420907e-04
-1.163280103127232925e-03
-1.736367319608653507e-03
-2.232581737769443603e-03
-2.652276397355460887e-03
-2.995725700616366002e-03
-3.263125937304713411e-03
-3.454595753465062452e-03
-3.570176563575277150e-03
-3.609832905583143080e-03
-3.573452738415628521e-03
-3.460847681455329634e-03
-3.271753195475217250e-03
-3.005828704551694215e-03
-2.662657658405708991e-03
-2.241747534647324340e-03
-1.742529780366546379e-03
-1.164359692408384545e-03
-5.065162357533604508e-04
2.317982006272112068e-04
1.051458111130473654e-03
1.953415244838815033e-03
2.938699041501442819e-03
4.008417132937934328e-03
5.163755910678859487e-03
6.405981160678171117e-03
7.736438765991567046e-03
9.156555478251109104e-03
1.066783975891475930e-02
1.227188269125828284e-02
1.397035896409508891e-02
1.576502792824383686e-02
1.765773472678031086e-02
1.965041150023594252e-02
2.174507866774202935e-02
2.394384628539493118e-02
2.624891548285777226e-02
2.866257997946743130e-02
3.118722768103375162e-02
3.382534235854814386e-02
3.657950540999141409e-02
3.945239770643464705e-02
4.244680152379595034e-02
4.556560256130873926e-02
4.881179204801484872e-02
5.218846893837062600e-02
5.569884219825721461e-02
5.934623318240864892e-02
6.313407810435896217e-02
6.706593059992192740e-02
7.114546438513416615e-02
7.537647600963844063e-02
7.976288770603036371e-02
8.430875033607931890e-02
8.901824643416790528e-02
9.389569334841857406e-02
9.894554647966213867e-02
1.041724026182142965e-01
1.095810033783236881e-01
1.151762387297505380e-01
1.209631506259056660e-01
1.269469367271728599e-01
1.331329542183792847e-01
1.395267237184044939e-01
1.461339332798923252e-01
1.529604424762437687e-01
1.600122865727689192e-01
1.672956807783335109e-01
1.748170245729560313e-01
1.825829061064698500e-01
1.906001066620913731e-01
1.988756051787019807e-01
2.074165828238195286e-01
2.162304276090137034e-01
2.253247390379006232e-01
2.347073327759349182e-01
2.443862453300384430e-01
2.543697387242507824e-01
2.646663051566293667e-01
2.752846716202588806e-01
2.862338044705106666e-01
2.975229139174845328e-01
3.091614584214079642e-01
3.211591489658590093e-01
3.335259531816975875e-01
3.462720992917516782e-01
3.594080798430553392e-01
3.729446551910945429e-01
3.868928566961846172e-01
4.012639895896946141e-01
4.160696354627508309e-01
4.313216543269471348e-01
4.470321861913260086e-01
4.632136520956509074e-01
4.798787545348512373e-01
4.970404772035433294e-01
5.147120839847837415e-01
5.329071170994125195e-01
5.516393943278189438e-01
5.709230052067513217e-01
5.907723060983423036e-01
6.112019140190286803e-01
6.322266991087862609e-01
6.538617756120583824e-01
6.761224912318934965e-01
6.990244147104154315e-01
7.225833214765799983e-01
7.468151771939968153e-01
7.717361190279514727e-01
7.973624344413532405e-01
8.237105373158902788e-01
8.507969411830239581e-01
8.786382293372481112e-01
9.072510215895279728e-01
9.366519374082495908e-01
9.668575551783986644e-01
9.978843673004309522e-01
1.029748730833122350e+00
1.062466813375154251e+00
1.096054533865375102e+00
1.130527497970731376e+00
1.165900927720508129e+00
1.202189585033503150e+00
1.239407688779287087e+00
1.277568825003528419e+00
1.316685849947857978e+00
1.356770785487252162e+00
1.397834706613016342e+00
1.439887620590043937e+00
1.482938337427869069e+00
1.526994331317164333e+00
1.572061592700629840e+00
1.618144470674074631e+00
1.665245505442034757e+00
1.713365250595567435e+00
1.762502085023233356e+00
1.812652014328779870e+00
1.863808461695762864e+00
1.915962048219002511e+00
1.969100362820876970e+00
2.023207721973530493e+00
2.078264919575894876e+00
2.134248967472166303e+00
2.191132827258217564e+00
2.248885134196850544e+00
2.307469914261415234e+00
2.366846295542274436e+00
2.426968215488138902e+00
2.487784125715772010e+00
2.549236696396557811e+00
2.611262522535448216e+00
2.673791834772014209e+00
2.736748217678971251e+00
2.800048338881532040e+00
2.863601692697110845e+00
2.927310362366819962e+00
2.991068805337095959e+00
3.054763666430800217e+00
3.118273624121562726e+00
3.181469275485297565e+00
3.244213065734141477e+00
3.306359268539694973e+00
3.367754023598032997e+00
3.428235438084200393e+00
3.487633758751270019e+00
3.545771621457861844e+00
3.602464384821713939e+00
3.657520554488751685e+00
3.710742304161284810e+00
3.761926099019607506e+00
3.810863426496841289e+00
3.857341638495336511e+00
3.901144908072541551e+00
3.942055302344473322e+00
3.979853971870843221e+00
4.014322455084132102e+00
4.045244094412352887e+00
4.072405558645598056e+00
4.095598463811604972e+00
4.114621082405247599e+00
4.129280128277870610e+00
4.139392601901348279e+00
4.144787678119469021e+00
4.145308615963967824e+00
4.140814667712455766e+00
4.131182962182893270e+00
4.116310335388639885e+00
4.096115080197388458e+00
4.070538585651657826e+00
4.039546836189491508e+00
4.003131741239899455e+00
3.961312266610807598e+00
3.914135340786412787e+00
3.861676511721272131e+00
3.804040332945608061e+00
3.741360461748154176e+00
3.673799456801889018e+00
3.601548267768917011e+00
3.524825415066975776e+00
3.443875864022487576e+00
3.358969604024204969e+00
3.270399950006961820e+00
3.178481590648974731e+00
3.083548415019931710e+00
2.985951156860306099e+00
2.886054902529647137e+00
2.784236513348181230e+00
2.680882012454838481e+00
2.576383975185028596e+00
2.471138933223430811e+00
2.365544749816984815e+00
2.259997846641669028e+00
2.154890080692974053e+00
2.050605026122620966e+00
1.947513472565738368e+00
1.845968146197000115e+00
1.746297951409153004e+00
1.648802285837611237e+00
1.553746050460217409e+00
1.461355818506958393e+00
1.371817355189708598e+00
1.285274478431049028e+00
1.201829244258737273e+00
1.121543629925965790e+00
1.044443149558308193e+00
9.705229464179125909e-01
8.997565988050252317e-01
8.321070148603131322e-01
7.675376000310323299e-01
7.060210402728492873e-01
6.475433331945102955e-01
5.921022459068222554e-01
5.397013572667711534e-01
4.903420801381856986e-01
4.440160105248052713e-01
4.006991123483731321e-01
3.603482978489991329e-01
3.229002753505996193e-01
2.882721916842155285e-01
2.563635182532634782e-01
2.270586979996433719e-01
2.002301881167327935e-01
1.757416411994595362e-01
1.534510405132384625e-01
1.332136440581216386e-01
1.148846146600631390e-01
9.832124025249791566e-02
8.338468938914067596e-02
6.994129473879250047e-02
5.786339626485083321e-02
4.702979882600934886e-02
3.732591693745187372e-02
2.864372420811419143e-02
2.088174473329706612e-02
1.394556765095103686e-02
7.749722494535457411e-03
2.221961663881133388e-03
