-1.272220809146339029e-04
-2.519459731414588205e-02
-4.232650256098931252e-02
-5.048804054010248843e-02
-4.783732530749530698e-02
-3.175751395525476528e-02
1.150491079600198191e-03
5.500202304866348701e-02
1.345164310222545234e-01
2.449190186153454851e-01
3.918705476476451177e-01
5.814100778084869692e-01
8.198914813478809238e-01
1.113896128535253993e+00
1.470107798544481481e+00
1.895139006274388471e+00
2.395299811631037112e+00
2.976298586058501172e+00
3.642855275527866699e+00
4.398187047319456866e+00
5.243305153798367257e+00
6.176124796281324159e+00
7.190759417280228050e+00
8.278063939513756964e+00
9.428174049734106887e+00
1.063293971739276245e+01
1.188495727424887249e+01
1.317479492587968437e+01
1.449024593062283550e+01
1.581745073880244057e+01
1.714195141837977943e+01
1.844908511206714508e+01
1.972404000481652631e+01
2.095188870204969334e+01
2.211771760714982449e+01
2.320686431746139888e+01
2.420523411077437359e+01
2.509964710690150724e+01
2.587816516016853186e+01
2.653036502615886860e+01
2.704754665500365363e+01
2.742288186044975618e+01
2.765151212538408387e+01
2.773060242791949648e+01
2.765935346638540793e+01
2.743897363784846277e+01
2.707261166345745806e+01
2.656525177343246114e+01
2.592357450949666031e+01
2.515578770611266179e+01
2.427143279555586730e+01
2.328117246930305129e+01
2.219656602506750076e+01
2.102983874716462509e+01
1.979365152770435188e+01
1.850087650448507404e+01
1.716438387455753656e+01
1.579684416266125702e+01
1.441054970790914957e+01
1.301725772249500324e+01
1.162805681274575953e+01
1.025325772720389850e+01
8.902308547956009122e+00
7.583733367940459935e+00
6.305093630294268614e+00
5.072970181579065319e+00
3.892964135331594466e+00
2.769714152358969894e+00
1.706928061298626176e+00
7.074260307510860102e-01
-2.268067986035834371e-01
-1.094560518864375442e+00
-1.895335755758803975e+00
-2.629275695452342632e+00
-3.297096747622562773e+00
-3.900019224964833775e+00
-4.439699322183577657e+00
-4.918163307991260780e+00
-5.337744924114684153e+00
-5.701026460045647504e+00
-6.010784014439646938e+00
-6.269937219045823795e+00
-6.481503621564548290e+00
-6.648557696876199685e+00
-6.774194504583363141e+00
-6.861497834190195100e+00
-6.913512653694600552e+00
-6.933221622250523630e+00
-6.923525417486738220e+00
-6.887226569304901957e+00
-6.827016511890334094e+00
-6.745465554252073836e+00
-6.645015455509202695e+00
-6.527974329811764065e+00
-6.396513591302609214e+00
-6.252666681097438506e+00
-6.098329312931447532e+00
-5.935261038260121857e+00
-5.765087886213906110e+00
-5.589305908694800706e+00
-5.409285448887353631e+00
-5.226275991756257788e+00
-5.041411432068769294e+00
-4.855715674708039664e+00
-4.670108436403395125e+00
-4.485411171849551515e+00
-4.302353032366911911e+00
-4.121576816969604096e+00
-3.943644830285562453e+00
-3.769044623433741137e+00
-3.598194571864329117e+00
-3.431449271575792270e+00
-3.269104709336798642e+00
-3.111403218914186475e+00
-2.958538189883640257e+00
-2.810658533304618789e+00
-2.667872890799196206e+00
-2.530253602589914053e+00
-2.397840417501105659e+00
-2.270643962653071668e+00
-2.148648972821117997e+00
-2.031817292754014126e+00
-1.920090648552364332e+00
-1.813393213047958197e+00
-1.711633963276963488e+00
-1.614708845226363598e+00
-1.522502752479488963e+00
-1.434891336147075869e+00
-1.351742646913548507e+00
-1.272918627160706029e+00
-1.198276458266252842e+00
-1.127669777393924377e+00
-1.060949766214900780e+00
-9.979661284690545253e-01
-9.385679593084341743e-01
-8.826045157952044917e-01
-8.299258994597231709e-01
-7.803836523360431210e-01
-7.338312795709196479e-01
-6.901247002361220462e-01
-6.491226352459235072e-01
-6.106869385443135512e-01
-5.746828740283926873e-01
-5.409793457224600921e-01
-5.094490839943670579e-01
-4.799687939161773609e-01
-4.524192690437868758e-01
-4.266854729083320308e-01
-4.026565936365788523e-01
-3.802260732999661608e-01
-3.592916154422252650e-01
-3.397551740503174100e-01
-3.215229248673301954e-01
-3.045052223617724096e-01
-2.886165436907744408e-01
-2.737754221161240453e-01
-2.599043712324985989e-01
-2.469298010057507098e-01
-2.347819277982051700e-01
-2.233946788529741767e-01
-2.127055929163984838e-01
-2.026557177640285756e-01
-1.931895054376497611e-01
-1.842547059429145151e-01
-1.758022601632907855e-01
-1.677861929810980646e-01
-1.601635065665301672e-01
-1.528940746352966118e-01
-1.459405381625515086e-01
-1.392682027029687741e-01
-1.328449378485592747e-01
-1.266410790523642971e-01
-1.206293320927405432e-01
-1.147846801318916365e-01
-1.090842939325017830e-01
-1.035074452003419410e-01
-9.803542307006876677e-02
-9.265145397713554776e-02
-8.734062501128367351e-02
-8.208981066487067157e-02
-7.688760314450403255e-02
-7.172424626635905132e-02
-6.659157292462312971e-02
-6.148294611555553402e-02
-5.639320357861108551e-02
-5.131860605672496078e-02
-4.625678908041074011e-02
-4.120671832322966160e-02
-3.616864852695352017e-02
-3.114408592237100093e-02
-2.613575413244049322e-02
-2.114756356740808696e-02
-1.618458425713439203e-02
-1.125302208869679438e-02
-6.360198451439130936e-03
-1.514533257827364041e-03
3.274468699608069390e-03
7.996228045302906581e-03
1.263909779183546890e-02
1.719036701348896148e-02
2.163626122009590716e-02
2.596193941902080748e-02
3.015148789245047922e-02
3.418791065676328456e-02
3.805311662519068189e-02
4.172790342942403474e-02
4.519193788716493326e-02
4.842373312014355141e-02
5.140062221357736411e-02
5.409872851525506648e-02
5.649293237146555541e-02
5.855683434225381068e-02
6.026271490400145897e-02
6.158149043025219760e-02
6.248266542972215343e-02
6.293428115109331311e-02
6.290286015414746357e-02
6.235334708263489539e-02
6.124904532361893916e-02
5.955154955652956078e-02
5.722067418609013550e-02
5.421437721849683977e-02
5.048868015326452713e-02
4.599758284426559707e-02
4.069297397027826085e-02
3.452453695091381447e-02
2.743965051092315047e-02
1.938328484814101291e-02
1.029789222527894600e-02
1.232926051704706183e-04
-1.120344596707487268e-02
-2.374813247707640435e-02
-3.757958355609727907e-02
-5.276975946895474251e-02
-6.939390617631301106e-02
-8.753070230051497591e-02
-1.072624122870628055e-01
-1.286750457977571260e-01
-1.518585213218810459e-01
-1.769068369546973885e-01
-2.039182453209602841e-01
-2.329954351438829896e-01
-2.642457169793195892e-01
-2.977812139893076249e-01
-3.337190585404024579e-01
-3.721815900706504920e-01
-4.132965599499873743e-01
-4.571973377137205086e-01
-5.040231189145326640e-01
-5.539191352944401459e-01
-6.070368664658862823e-01
-6.635342482684176701e-01
-7.235758811516053157e-01
-7.873332335851160879e-01
-8.549848404618928255e-01
-9.267164943346379857e-01
-1.002721424461229693e+00
-1.083200467293095492e+00
-1.168362214230138196e+00
-1.258423147541407605e+00
-1.353607748639404695e+00
-1.454148577644260421e+00
-1.560286324517826229e+00
-1.672269815171936624e+00
-1.790355979876671944e+00
-1.914809765042981393e+00
-2.045903986459409296e+00
-2.183919114839613318e+00
-2.329142983401980338e+00
-2.481870405273590929e+00
-2.642402694370303173e+00
-2.811047066500570235e+00
-2.988115916261492089e+00
-3.173925956716663777e+00
-3.368797185272672579e+00
-3.573051683705479320e+00
-3.787012207859329571e+00
-4.011000567853349352e+00
-4.245335753082239094e+00
-4.490331790927942990e+00
-4.746295314855346170e+00
-5.013522785817954741e+00
-5.292297382411591755e+00
-5.582885484544493515e+00
-5.885532732013711410e+00
-6.200459626678736846e+00
-6.527856646945917163e+00
-6.867878811357801538e+00
-7.220639680075690237e+00
-7.586204743737877898e+00
-7.964584165273923766e+00
-8.355724843072245278e+00
-8.759501747530610061e+00
-9.175708537737241599e+00
-9.604047373697445877e+00
-1.004411798931468347e+01
-1.049540594823807460e+01
-1.095727012001548673e+01
-1.142892939942342423e+01
-1.190944867550060415e+01
-1.239772415904332448e+01
-1.289246808067077765e+01
-1.339219292539704753e+01
-1.389519531440722666e+01
-1.439953972134634164e+01
-1.490304223875156886e+01
-1.540325466924812403e+01
-1.589744925071617132e+01
-1.638260439054347373e+01
-1.685539188220324647e+01
-1.731216604733053543e+01
-1.774895542822433114e+01
-1.816145763962181903e+01
-1.854503814329092748e+01
-1.889473364180028625e+01
-1.920526102447958294e+01
-1.947103271329190122e+01
-1.968617934393556368e+01
-1.984458077059515446e+01
-1.993990630692309551e+01
-1.996566518797443379e+01
-1.991526803797982126e+01
-1.978210012604272094e+01
-1.955960701852249173e+01
-1.924139286680100014e+01
-1.882133154599790714e+01
-1.829369023362301050e+01
-1.765326476293986602e+01
-1.689552554188066935e+01
-1.601677219612561487e+01
-1.501429462773790569e+01
-1.388653728691047995e+01
-1.263326292662231687e+01
-1.125571148327884607e+01
-9.756748705975072156e+00
-8.140999095524081852e+00
-6.414956776759558998e+00
-4.587067921190175923e+00
-2.667778244273544264e+00
-6.695391213426429289e-01
1.393233300560706267e+00
3.504251059464488893e+00
5.645502967026741814e+00
7.797460757626867078e+00
9.939342957650593391e+00
1.204943413703915134e+01
1.410545457864212615e+01
1.608497320527395757e+01
1.796585352340485642e+01
1.972672048874770212e+01
2.134743370947613172e+01
2.280955151375961876e+01
2.409676937927261875e+01
2.519531621284825462e+01
2.609429323499142939e+01
2.678594127474820752e+01
2.726582489968122047e+01
2.753292445698712854e+01
2.758963078377533762e+01
2.744164237638398163e+01
2.709777177630350664e+01
2.656967959260673950e+01
2.587156909685412032e+01
2.501988853099637922e+01
2.403308568035452097e+01
2.293141738178519518e+01
2.173673266365114287e+01
2.047207781052791375e+01
1.916101007770809161e+01
1.782666977078530834e+01
1.649080961339915419e+01
1.517297340248069659e+01
1.388987467157769196e+01
1.265489933769363518e+01
1.147766085958309645e+01
1.036369883850781903e+01
9.314640449360434005e+00
8.329188817089903552e+00
7.404890625619763078e+00
6.539952260421866725e+00
5.734179345612202106e+00
4.988757126431646149e+00
4.305356308570630119e+00
3.685202078668344150e+00
3.128454563280796297e+00
2.633962232020803818e+00
2.199301516050462535e+00
1.820983683732617209e+00
1.494733888627927776e+00
1.215782962633636943e+00
9.791392896116000166e-01
7.798218789553368335e-01
6.130426402326645263e-01
4.743329476637470066e-01
3.596179160422860455e-01
2.652476397254627249e-01
1.879961282758017826e-01
1.250403968547987021e-01
7.394416311932561214e-02
3.269827357872183426e-02
