3.954659758767068573e-02
-6.661464638424358098e-02
-1.507992697108585800e-01
-2.119578003074521211e-01
-2.461892611856207613e-01
-2.484357811457511001e-01
-2.121044042594544821e-01
-1.284913572308450380e-01
1.318194898509703235e-02
2.254227917880666510e-01
5.221018205345299146e-01
9.181280570929708507e-01
1.429111499195435675e+00
2.070934400706017087e+00
2.859154307178201293e+00
3.808170207146933883e+00
4.930091457861118798e+00
6.233261853091618399e+00
7.720404279664332847e+00
9.386359977885980754e+00
1.121539823202893515e+01
1.317804326374072588e+01
1.522729813178480107e+01
1.729403049608036369e+01
1.928125038534968638e+01
2.105760188900970320e+01
2.245287063202659894e+01
2.326346243649657808e+01
2.327849364764816542e+01
2.232166405125355979e+01
2.026959515001366441e+01
1.700910215869199860e+01
1.236977929267081500e+01
6.107714020248888431e+00
-2.055435100828502559e+00
-1.239375196889416664e+01
-2.516623150022480360e+01
-4.062191355891390288e+01
-5.900523417832378215e+01
-8.055623724063752888e+01
-1.055065410256017771e+02
-1.340729592836273127e+02
-1.664499920213308428e+02
-2.028019782886663620e+02
-2.432556696907845151e+02
-2.878940003474126001e+02
-3.367516447642666435e+02
-3.898124272822759622e+02
-4.470082753870789247e+02
-5.082192932906129386e+02
-5.732745770480585179e+02
-6.419536801616249022e+02
-7.139887205898978664e+02
-7.890671756406715076e+02
-8.668354402445277174e+02
-9.469031062040443203e+02
-1.028847920144635509e+03
-1.112221329328055390e+03
-1.196554465376401367e+03
-1.281364449681033648e+03
-1.366160857921283878e+03
-1.450452192275853349e+03
-1.533752230497314258e+03
-1.615586100638196285e+03
-1.695495970882206393e+03
-1.773046247798329659e+03
-1.847828192587377089e+03
-1.919463895506915833e+03
-1.987609562077000419e+03
-2.051958082014275078e+03
-2.112240892074494241e+03
-2.168229125870219377e+03
-2.219734098677769452e+03
-2.266607171090133306e+03
-2.308739024992739360e+03
-2.346058453694611217e+03
-2.378530700684231761e+03
-2.406155428777153247e+03
-2.428964413324383713e+03
-2.447018985696101936e+03
-2.460407336422556000e+03
-2.469241724145843818e+03
-2.473655628467809493e+03
-2.473800940995312430e+03
-2.469845193271742119e+03
-2.461968884685902140e+03
-2.450362927547131221e+03
-2.435226252120545269e+03
-2.416763555873382757e+03
-2.395183242801919732e+03
-2.370695544381912896e+03
-2.343510816057414104e+03
-2.313838034570007494e+03
-2.281883463929989375e+03
-2.247849498634575411e+03
-2.211933680213772277e+03
-2.174327857825413957e+03
-2.135217504672468749e+03
-2.094781165637376944e+03
-2.053190023281933918e+03
-2.010607582348968890e+03
-1.967189446647857949e+03
-1.923083186193367283e+03
-1.878428283521975118e+03
-1.833356143021559774e+03
-1.787990162024155325e+03
-1.742445849358950682e+03
-1.696830985506886918e+03
-1.651245816518806350e+03
-1.605783276567696021e+03
-1.560529231192406996e+03
-1.515562738189414858e+03
-1.470956320219467443e+03
-1.426776246125454236e+03
-1.383082817296071653e+03
-1.339930655553504039e+03
-1.297368991765466262e+03
-1.255441950613368363e+03
-1.214188831941706894e+03
-1.173644386696415495e+03
-1.133839084819164782e+03
-1.094799377188572635e+03
-1.056547947946571639e+03
-1.019103957906111418e+03
-9.824832798838427834e+02
-9.466987226763010312e+02
-9.117602467272536160e+02
-8.776751695470993582e+02
-8.444483618865109520e+02
-8.120824333655928058e+02
-7.805779101344322726e+02
-7.499334023054447016e+02
-7.201457625036938452e+02
-6.912102365477732064e+02
-6.631206044331129306e+02
-6.358693141680919325e+02
-6.094476076260405080e+02
-5.838456381645552256e+02
-5.590525822030920153e+02
-5.350567429771115258e+02
-5.118456478765565407e+02
-4.894061400610484611e+02
-4.677244631103041002e+02
-4.467863407360563315e+02
-4.265770509092126304e+02
-4.070814943808034059e+02
-3.882842590936761553e+02
-3.701696793288634240e+02
-3.527218907358071647e+02
-3.359248810922898087e+02
-3.197625374540320422e+02
-3.042186891206810628e+02
-2.892771475080057257e+02
-2.749217426592992979e+02
-2.611363564351927948e+02
-2.479049531867535734e+02
-2.352116073698467460e+02
-2.230405286745287299e+02
-2.113760849333013425e+02
-2.002028224575240642e+02
-1.895054845071520049e+02
-1.792690277438329929e+02
-1.694786367000028804e+02
-1.601197367534730347e+02
-1.511780053282199390e+02
-1.426393816290150198e+02
-1.344900750874186315e+02
-1.267165723647203635e+02
-1.193056432892778531e+02
-1.122443456186149007e+02
-1.055200288250752010e+02
-9.912033686452200243e+01
-9.303321015334647370e+01
-8.724688673380958903e+01
-8.174990264575802712e+01
-7.653109165283878212e+01
-7.157958439749818069e+01
-6.688480696714721319e+01
-6.243647891686404705e+01
-5.822461086217485615e+01
-5.423950166869688871e+01
-5.047173524971177017e+01
-4.691217702144651014e+01
-4.355197005686870426e+01
-4.038253099376182575e+01
-3.739554570617119822e+01
-3.458296475168891249e+01
-3.193699864775744501e+01
-2.945011301638929169e+01
-2.711502358509520150e+01
-2.492469107253303662e+01
-2.287231601166112682e+01
-2.095133348004868878e+01
-1.915540779823183470e+01
-1.747842719055976701e+01
-1.591449841704556079e+01
-1.445794140025193286e+01
-1.310328386640333775e+01
-1.184525599486476466e+01
-1.067878509153202948e+01
-9.598990303244855582e+00
-8.601177371694832985e+00
-7.680833439925416783e+00
-6.833621915648800282e+00
-6.055377396397749301e+00
-5.342100664361152162e+00
-4.689953756322989165e+00
-4.095255107063588973e+00
-3.554474775023074962e+00
-3.064229754611456080e+00
-2.621279371095805555e+00
-2.222520765291345235e+00
-1.864984471058260151e+00
-1.545830081675341638e+00
-1.262342010650906232e+00
-1.011925347345641546e+00
-7.921018052018857780e-01
-6.005057654529052380e-01
-4.348804167519247366e-01
-2.930739875185358057e-01
-1.730360734161669745e-01
-7.281405904138174567e-02
9.450368128338255611e-03
7.552461145802448483e-02
1.270884672689005512e-01
1.657373372933218514e-01
1.929853518767755405e-01
2.102684054583322248e-01
2.189471061365858839e-01
2.203096400413998013e-01
2.155745523779584449e-01
2.058934468322162759e-01
1.923536046713547609e-01
1.759805252920521035e-01
1.577403900069011267e-01
1.385424505804766782e-01
1.192413443776457471e-01
1.006393379082690387e-01
8.348850042263794569e-02
6.849280940220280056e-02
5.631018972565119546e-02
4.755448827189097394e-02
4.279738581854658497e-02
4.257024788790214620e-02
4.736591642733351676e-02
5.764044409634487554e-02
7.381477286532525661e-02
9.627635869735055862e-02
1.253807440622248526e-01
1.614530800331126781e-01
2.047895996787893746e-01
2.556590443776398658e-01
3.143040448211829596e-01
3.809424583515992335e-01
4.557686643563966244e-01
5.389548191414320621e-01
6.306520721992140421e-01
7.309917452206484700e-01
8.400864756912597153e-01
9.580313263617855624e-01
1.084904862414815208e+00
1.220770197674174717e+00
1.365676011518278221e+00
1.519657538097010097e+00
1.682737528906769420e+00
1.854927190797349912e+00
2.036227100542203683e+00
2.226628097743708956e+00
2.426112156614051329e+00
2.634653239582194217e+00
2.852218132820100394e+00
3.078767265693079125e+00
3.314255515858940182e+00
3.558633000048252448e+00
3.811845854019200175e+00
4.073837001249941636e+00
4.344546912721468424e+00
4.623914358075346343e+00
4.911877151575819944e+00
5.208372891057466703e+00
5.513339695068865787e+00
5.826716936359954246e+00
6.148445972324998010e+00
6.478470878870709271e+00
6.816739183124750134e+00
7.163202599058410058e+00
7.517817765577264666e+00
7.880546992272912554e+00
8.251359006270718055e+00
8.630229711676253856e+00
9.017142953567541142e+00
9.412091287576993537e+00
9.815076767194451435e+00
1.022611173591718092e+01
1.064521963169708307e+01
1.107243580220186274e+01
1.150780833785471913e+01
1.195139890745840283e+01
1.240328362036076371e+01
1.286355389335118105e+01
1.333231732490116705e+01
1.380969859869069793e+01
1.429584038756796893e+01
1.479090427081331960e+01
1.529507166123811146e+01
1.580854475068650800e+01
1.633154744355686816e+01
1.686432632220524397e+01
1.740715159813438007e+01
1.796031805315206498e+01
1.852414600760917551e+01
1.909898225796671412e+01
1.968520100529530836e+01
2.028320476638331726e+01
2.089342527414144968e+01
2.151632431236505738e+01
2.215239456064800194e+01
2.280216035652444617e+01
2.346617838256359789e+01
2.414503833736624827e+01
2.483936348169433472e+01
2.554981109163631459e+01
2.627707280106693943e+01
2.702187483308913585e+01
2.778497802043930065e+01
2.856717773947492844e+01
2.936930358426049636e+01
3.019221879112669171e+01
3.103681950037477222e+01
3.190403366232201421e+01
3.279481962820756991e+01
3.371016439016683819e+01
3.465108145136823481e+01
3.561860815081609388e+01
3.661380263734516660e+01
3.763774018514122588e+01
3.869150886529434530e+01
3.977620469046077289e+01
4.089292590768366153e+01
4.204276648552453821e+01
4.322680873304312854e+01
4.444611498817994288e+01
4.570171809243207406e+01
4.699461094367597980e+01
4.832573461685811367e+01
4.969596507778575756e+01
5.110609865030858145e+01
5.255683572394047331e+01
5.404876276387828682e+01
5.558233253757601489e+01
5.715784244278216875e+01
5.877541052307298486e+01
6.043494963986851332e+01
6.213613899853474010e+01
6.387839318625132989e+01
6.566082892359396794e+01
6.748222883009654538e+01
6.934100241490784811e+01
7.123514421857845491e+01
7.316218903363689208e+01
7.511916375258466871e+01
7.710253669490374762e+01
7.910816339721063173e+01
8.113122937647112565e+01
8.316619038031899436e+01
8.520670945430160259e+01
8.724559145649678271e+01
8.927471540144890128e+01
9.128496491056505135e+01
9.326615674279752000e+01
9.520696920471580427e+01
9.709486967287313064e+01
9.891604278112984616e+01
1.006553207905755301e+02
1.022961162085773879e+02
1.038203585352863172e+02
1.052084369211851680e+02
1.064391502156680502e+02
1.074896658492611863e+02
1.083354913144997909e+02
1.089504588080835958e+02
1.093067268955706908e+02
1.093748023808734615e+02
1.091235843999041606e+02
1.085204356762344702e+02
1.075312832769578364e+02
1.061207539419552575e+02
1.042523464928274421e+02
1.018886476279848523e+02
9.899159270188481230e+01
9.552277716178701894e+01
9.144382252704858161e+01
8.671679918022751110e+01
8.130471071552950946e+01
7.517204097153128828e+01
6.828536645071353917e+01
6.061403332030646141e+01
5.213090068513081121e+01
4.281314502091310459e+01
3.264312379407132880e+01
2.160929188009756885e+01
9.707161077614721023e+00
-3.059706760167130835e+00
-1.667868812313958315e+01
-3.112708420561077460e+01
-4.637112658446592661e+01
-6.236502366632046801e+01
-7.905007771879687084e+01
-9.635390027251476397e+01
-1.141897595468470143e+02
-1.324560960260913873e+02
-1.510362422555445221e+02
-1.697983854629637221e+02
-1.885958113188885932e+02
-2.072674657969791383e+02
-2.256388677728321284e+02
-2.435234040674285723e+02
-2.607240281606752319e+02
-2.770353787650252002e+02
-2.922463230376604315e+02
-3.061429171521228341e+02
-3.185117625935689034e+02
-3.291437227696831656e+02
-3.378379461191042310e+02
-3.444061254164882939e+02
-3.486769064869683348e+02
-3.505003414100802956e+02
-3.497522687249203273e+02
-3.463384889485482745e+02
-3.401985971023433422e+02
-3.313093276538008354e+02
-3.196872710558123458e+02
-3.053908263537869630e+02
-2.885212701077944075e+02
-2.692228409670921678e+02
-2.476817670583169502e+02
-2.241241969684267303e+02
-1.988130304743045258e+02
-1.720436885895723549e+02
-1.441389011677638621e+02
-1.154426322939187912e+02
-8.631329951973036430e+01
-5.711647565415044880e+01
-2.821728324867371640e+01
2.728987299632273933e-02
2.727591698551215060e+01
5.321006273865440050e+01
7.754047614199079419e+01
1.000128065714871326e+02
1.204120983174395718e+02
1.385659172777885715e+02
1.543458795429970962e+02
1.676674384825677748e+02
1.784880079203937839e+02
1.868039233481088957e+02
1.926473047593310071e+02
1.960842419477668273e+02
1.972153194358037922e+02
1.961780199768435864e+02
1.931486644168507780e+02
1.883408024196926362e+02
1.819983947977340506e+02
1.743848286098316862e+02
1.657707200305328854e+02
1.564233826054897349e+02
1.465992635334118575e+02
1.365387602835513405e+02
1.264614345097686936e+02
1.165592399890167457e+02
1.069864906384628682e+02
9.784825431216289360e+01
8.919299512088649351e+01
8.101726468941514270e+01
7.328506033823110499e+01
6.595461959376838479e+01
5.899997886017438020e+01
5.241851233466634596e+01
4.622676027729996662e+01
4.045099648569927098e+01
3.511770866791373180e+01
3.024664705553093569e+01
2.584706265060405883e+01
2.191664198313917566e+01
1.844227467371570484e+01
1.540183712405853456e+01
1.276638613543660128e+01
1.050238272661469630e+01
8.573742391719456180e+00
6.943611871820439596e+00
5.575821377112518462e+00
4.435986390268612745e+00
3.492260873112813080e+00
2.715776577040613926e+00
2.080826475933737374e+00
1.564854320660569398e+00
1.148297785508546331e+00
8.143130702496415019e-01
5.483965283115012079e-01
3.379241064606156586e-01
1.716686000696695524e-01
