-2.656982597638513337e-03
-7.967441070366372904e-03
-1.233319061852553543e-02
-1.566760719268485424e-02
-1.783301711361796188e-02
-1.864362910920077526e-02
-1.786293025768025816e-02
-1.520711373796564299e-02
-1.035439599507448349e-02
-2.955844680058360759e-03
7.354997262076721706e-03
2.095437887253273970e-02
3.822219381761227802e-02
5.953682036386916815e-02
8.527035361901044719e-02
1.157837230712464027e-01
1.514212644196045177e-01
1.925043116693731793e-01
2.393232066156898985e-01
2.921266697286917235e-01
3.511067220719130688e-01
4.163770171938084852e-01
4.879454024475830543e-01
5.656919567966045559e-01
6.493751395227902456e-01
7.386730586963199396e-01
8.332246137396472907e-01
9.326349230924300127e-01
1.036459147738699738e+00
1.144195919147194429e+00
1.255296389186432160e+00
1.369178839230087430e+00
1.485241395041293710e+00
1.602871192445510795e+00
1.721450923127218813e+00
1.840364024958846434e+00
1.958999408628831151e+00
2.076756161407167678e+00
2.193048309178595279e+00
2.307309508316049751e+00
2.418997482528952858e+00
2.527598059052706070e+00
2.632628725912073087e+00
2.733641683025863856e+00
2.830226385145594659e+00
2.922011582658957440e+00
3.008666868256241411e+00
3.089903738026695379e+00
3.165476177689642512e+00
3.235180788685831921e+00
3.298856473982836768e+00
3.356383708655530818e+00
3.407683425693604384e+00
3.452715552251031106e+00
3.491477235402472790e+00
3.524000799608967061e+00
3.550351480014505512e+00
3.570624976488129043e+00
3.584944873246235897e+00
3.593459967830375135e+00
3.596341550841465118e+00
3.593780675314736328e+00
3.585985451273298708e+00
3.573178397029769471e+00
3.555593874676448607e+00
3.533475633388403647e+00
3.507074479604717077e+00
3.476646089097683578e+00
3.442448972232240667e+00
3.404742600125940655e+00
3.363785695794852426e+00
3.319834691898587486e+00
3.273142353819061601e+00
3.223956564698460703e+00
3.172519267448759894e+00
3.119065556970605169e+00
3.063822914809668507e+00
3.007010577671993978e+00
2.948839030595293398e+00
2.889509615107289875e+00
2.829214242736479701e+00
2.768135204169851260e+00
2.706445064496035613e+00
2.644306635285646134e+00
2.581873014670168054e+00
2.519287686941911630e+00
2.456684673739246705e+00
2.394188729405337224e+00
2.331915573635596761e+00
2.269972155086775079e+00
2.208456940177753403e+00
2.147460221836004379e+00
2.087064443469968555e+00
2.027344533954519967e+00
1.968368249861643271e+00
1.910196521627424371e+00
1.852883800771274014e+00
1.796478405646442900e+00
1.741022863543558508e+00
1.686554247335532830e+00
1.633104505106955040e+00
1.580700781476254813e+00
1.529365729573356925e+00
1.479117812859742642e+00
1.429971596119141264e+00
1.381938025155320160e+00
1.335024694880496909e+00
1.289236105586712755e+00
1.244573907295219550e+00
1.201037132221772108e+00
1.158622415433633979e+00
1.117324203847328112e+00
1.077134953792119543e+00
1.038045317414677760e+00
1.000044318203286320e+00
9.631195159744927459e-01
9.272571616878069189e-01
8.924423424559421170e-01
8.586591171262317745e-01
8.258906428500143448e-01
7.941192930285110307e-01
7.633267670282812833e-01
7.334941920691057105e-01
7.046022176839418227e-01
6.766311031193905645e-01
6.495607980608790744e-01
6.233710170537093420e-01
5.980413079717491476e-01
5.735511148706808893e-01
5.498798355711382868e-01
5.270068742852574983e-01
5.049116895881073930e-01
4.835738380316456642e-01
4.629730136855555456e-01
4.430890838610193616e-01
4.239021212809012673e-01
4.053924329325813147e-01
3.875405858319488916e-01
3.703274299194179719e-01
3.537341182895275549e-01
3.377421249565086825e-01
3.223332603271563679e-01
3.074896845565942560e-01
2.931939189536267309e-01
2.794288555857755152e-01
2.661777652316785758e-01
2.534243038079818100e-01
2.411525174007015104e-01
2.293468460212752247e-01
2.179921261954995970e-01
2.070735924941373984e-01
1.965768780952249772e-01
1.864880144705039766e-01
1.767934302825561743e-01
1.674799495697794627e-01
1.585347892946647741e-01
1.499455563193753949e-01
1.417002438738183268e-01
1.337872275758495155e-01
1.261952610575054756e-01
1.189134712496705826e-01
1.119313533689347273e-01
1.052387656508243230e-01
9.882592387062356931e-02
9.268339568846918619e-02
8.680209485391543467e-02
8.117327529940714104e-02
7.578852515215016294e-02
7.063976069193773910e-02
6.571922027918486453e-02
6.101945827650477605e-02
5.653333898292523668e-02
5.225403059965676167e-02
4.817499924610076090e-02
4.429000304149960376e-02
4.059308626615912297e-02
3.707857361577318600e-02
3.374106456006492616e-02
3.057542781765540396e-02
2.757679595700629829e-02
2.474056013181705552e-02
2.206236495940582659e-02
1.953810354889659248e-02
1.716391268664407832e-02
1.493616818482799806e-02
1.285148039834283981e-02
1.090668991521395216e-02
9.098863424576419598e-03
7.425289766900967925e-03
5.883476170073560600e-03
4.471144674474780527e-03
3.186228750349111120e-03
2.026870110053936944e-03
9.914157182295340546e-04
7.841500232331035432e-05
-7.133827342996474892e-04
-1.385030694398178483e-03
-1.937386762001122717e-03
-2.371115468291148942e-03
-2.686689746121349951e-03
-2.884392471320113959e-03
-2.964317788640566647e-03
-2.926372220099776947e-03
-2.770275553589340595e-03
-2.495561509336129136e-03
-2.101578182049755692e-03
-1.587488256241458137e-03
-9.522689920591231481e-04
-1.947119789244287956e-04
6.865773459975951136e-04
1.693180417412582005e-03
2.826866502786626496e-03
4.089593907985785391e-03
5.483511431185618401e-03
7.010960068941755191e-03
8.674474978205625603e-03
1.047678769844567065e-02
1.242082863828630410e-02
1.450972983116092380e-02
1.674682796484408195e-02
1.913566768959509834e-02
2.168000521004468523e-02
2.438381216607867982e-02
2.725127980822122931e-02
3.028682347309083825e-02
3.349508736442320667e-02
3.688094964549352983e-02
4.044952784874646795e-02
4.420618460852010490e-02
4.815653372278904526e-02
5.230644654951473876e-02
5.666205874323113761e-02
6.122977733757289931e-02
6.601628817898137769e-02
7.102856371645810407e-02
7.627387115193585976e-02
8.175978095521431455e-02
8.749417574714872525e-02
9.348525955368959528e-02
9.974156743265258362e-02
1.062719754740359679e-01
1.130857111733933745e-01
1.201923641766838441e-01
1.276018973932753486e-01
1.353246584718022782e-01
1.433713916315337844e-01
1.517532498395533225e-01
1.604818073213603036e-01
1.695690723894110186e-01
1.790275005704606848e-01
1.888700080089296129e-01
1.991099851184673086e-01
2.097613104498913805e-01
2.208383647374176917e-01
2.323560450791015419e-01
2.443297792004054114e-01
2.567755397421840335e-01
2.697098585059971576e-01
2.831498405797483464e-01
2.971131782568405266e-01
3.116181646494345370e-01
3.266837068840582337e-01
3.423293387539531607e-01
3.585752326865092598e-01
3.754422108668772906e-01
3.929517553400407870e-01
4.111260168934281478e-01
4.299878224987604969e-01
4.495606810676537890e-01
4.698687872481828731e-01
4.909370229603284286e-01
5.127909563362020862e-01
5.354568376962980381e-01
5.589615921558286349e-01
5.833328084135120939e-01
6.085987232331093733e-01
6.347882010797026853e-01
6.619307083229819533e-01
6.900562813658881467e-01
7.191954879995232641e-01
7.493793812250727493e-01
7.806394447181980167e-01
8.130075290451543868e-01
8.465157776682670221e-01
8.811965417050423577e-01
9.170822823305009308e-01
9.542054596333536809e-01
9.925984066582251852e-01
1.032293187288073399e+00
1.073321436541654572e+00
1.115714181786677583e+00
1.159501643295585360e+00
1.204713012507786063e+00
1.251376206303520755e+00
1.299517595547384996e+00
1.349161706132024241e+00
1.400330890733866962e+00
1.453044969508234807e+00
1.507320837983394668e+00
1.563172040487113668e+00
1.620608307548712324e+00
1.679635055874776128e+00
1.740252849714003736e+00
1.802456822693082383e+00
1.866236059559800431e+00
1.931572937696865555e+00
1.998442428787257086e+00
2.066811361645135570e+00
2.136637647955409225e+00
2.207869473536419491e+00
2.280444458732200808e+00
2.354288792684790632e+00
2.429316347531155884e+00
2.505427780011197036e+00
2.582509629588194411e+00
2.660433423939549957e+00
2.739054804586154024e+00
2.818212687476458811e+00
2.897728475493722922e+00
2.977405342098903507e+00
3.057027607594230201e+00
3.136360231760358719e+00
3.215148448805596360e+00
3.293117572580310792e+00
3.369973001784031474e+00
3.445400456278333579e+00
3.519066476522973108e+00
3.590619218415788794e+00
3.659689575302031539e+00
3.725892657459245250e+00
3.788829656810864588e+00
3.848090120835009120e+00
3.903254654441230542e+00
3.953898061927514362e+00
3.999592932887093610e+00
4.039913666119535840e+00
4.074440914227005273e+00
4.102766418772250567e+00
4.124498191869962582e+00
4.139265985150400340e+00
4.146726971633735381e+00
4.146571550678936013e+00
4.138529171478613655e+00
4.122374057293486160e+00
4.097930701538844644e+00
4.065078998810826683e+00
4.023758869776920655e+00
3.973974239308505574e+00
3.915796232916263886e+00
3.849365467826884490e+00
3.774893332022936754e+00
3.692662167003076590e+00
3.603024297356497652e+00
3.506399881735959401e+00
3.403273594629575793e+00
3.294190185899595225e+00
3.179749005104965054e+00
3.060597620090053983e+00
2.937424703275974824e+00
2.810952400034750109e+00
2.681928418076596099e+00
2.551118054724510031e+00
2.419296257902680658e+00
2.287239537262196087e+00
2.155717104828869690e+00
2.025480216286888346e+00
1.897248739252963334e+00
1.771694909560848075e+00
1.649425829043598357e+00
1.530967425768416268e+00
1.416752344774819816e+00
1.307112882753411309e+00
1.202279014958625991e+00
1.102381810650479466e+00
1.007463816986391203e+00
9.174987341483200609e-01
8.324207277451731724e-01
7.521582275141811547e-01
6.766612438776842264e-01
6.059113680217451670e-01
5.399119589546278464e-01
4.786660663879878097e-01
4.221532000059298184e-01
3.703126046239911262e-01
3.230354320368158949e-01
2.801646510227384090e-01
2.415002423757814376e-01
2.068073604053776993e-01
1.758257780379950119e-01
1.482795111469675797e-01
1.238858551692099408e-01
1.023632376826116991e-01
8.343746172465654753e-02
6.684616385407780859e-02
5.234156507684082499e-02
3.969175904661038923e-02
2.868092454136243752e-02
1.910925104179475933e-02
1.079443778980752021e-02
3.578385091240590937e-03
