-9.770107101165914631e-02
-2.258410907325740791e-01
-2.656767735643846273e-01
-1.974345173070032877e-01
1.177435069489624064e-02
4.171508099364931166e-01
1.094522656760274826e+00
2.137928947038719496e+00
3.659704879487830187e+00
5.792263794154542289e+00
8.690467794974482629e+00
1.253384608532696909e+01
1.752814759889538365e+01
2.390578569878950077e+01
3.192475869172629999e+01
4.186564413569509213e+01
5.402627944204456156e+01
6.871368542552434633e+01
8.623256381459212605e+01
1.068693152893880125e+02
1.308712663454688823e+02
1.584282641823997437e+02
1.896856106764139440e+02
2.248254325408841225e+02
2.641572886222776901e+02
3.080558567167544766e+02
3.567932899432262843e+02
4.105111543303036683e+02
4.693221325044589207e+02
5.333621960583143391e+02
6.027708582567561280e+02
6.776619914793536736e+02
7.581099977249341464e+02
8.441474951188644127e+02
9.357683447717195122e+02
1.032932721579243889e+03
1.135571492271049465e+03
1.243587404232292329e+03
1.356852304371639548e+03
1.475201863141115609e+03
1.598429754471173965e+03
1.726282642303380044e+03
1.858456274351363163e+03
1.994592545050620174e+03
2.134277309616272760e+03
2.277038998137458293e+03
2.422348150540645747e+03
2.569618079361683158e+03
2.718206871186400804e+03
2.867420886749375768e+03
3.016519832486639643e+03
3.164723413476167934e+03
3.311219503929806706e+03
3.455173638596052115e+03
3.595739641745080007e+03
3.732071073184599754e+03
3.863333170921292549e+03
3.988714911737718012e+03
4.107440882345551472e+03
4.218782525567929952e+03
4.322068509270037794e+03
4.416693910287601284e+03
4.502128006282035130e+03
4.577920467756109247e+03
4.643705928373135066e+03
4.699206822687280692e+03
4.744234545889807123e+03
4.778688997048251622e+03
4.802556643440066182e+03
4.815907206869547736e+03
4.818889199345946508e+03
4.811724468213817090e+03
4.794701949805288677e+03
4.768170851870553633e+03
4.732533422722268369e+03
4.688237512245649668e+03
4.635769078278550296e+03
4.575644785215792581e+03
4.508404814836395417e+03
4.434606006279540452e+03
4.354815396321700973e+03
4.269604229224722985e+03
4.179542484317668823e+03
4.085193946365930515e+03
3.987111832409520048e+03
3.885834979690652290e+03
3.781884583659496457e+03
3.675761463289813946e+03
3.567943834935845643e+03
3.458885558692493760e+03
3.349014823430123215e+03
3.238733232685729945e+03
3.128415256153947212e+03
3.018408001617110585e+03
2.909031274290022338e+03
2.800577884222967441e+03
2.693314167175150942e+03
2.587480682441345834e+03
2.483293061891474281e+03
2.380942976830872794e+03
2.280599198470075407e+03
2.182408728193318439e+03
2.086497978244908609e+03
1.992973980827699734e+03
1.901925612898703321e+03
1.813424821233102421e+03
1.727527836023439022e+03
1.644276362128098071e+03
1.563698741990894177e+03
1.485811081084093075e+03
1.410618331613092096e+03
1.338115330451603086e+03
1.268287788526418581e+03
1.201113228438453689e+03
1.136561870549367313e+03
1.074597466292864738e+03
1.015178078846084532e+03
9.582568116087087446e+02
9.037824861727925736e+02
8.517002703690683347e+02
8.019522582611309645e+02
7.544780041246923474e+02
7.092150122703463921e+02
6.660991845130279216e+02
6.250652279086802992e+02
5.860470246982271192e+02
5.489779666582229538e+02
5.137912560768581898e+02
4.804201755866881172e+02
4.487983288749861686e+02
4.188598542754384084e+02
3.905396133279531341e+02
3.637733561484387224e+02
3.384978653470616337e+02
3.146510803326549990e+02
2.921722035211471962e+02
2.710017900713276049e+02
2.510818225801981214e+02
2.323557719989176178e+02
2.147686462169231447e+02
1.982670273259764713e+02
1.827990987688127404e+02
1.683146634338032754e+02
1.547651535401493561e+02
1.421036332504793336e+02
1.302847948122031880e+02
1.192649490225129369e+02
1.090020106337818078e+02
9.945547934858512917e+01
9.058641701578326888e+01
8.235742151129554145e+01
7.473259779460462937e+01
6.767752660163849043e+01
6.115923114026909957e+01
5.514614213649408470e+01
4.960806159067414001e+01
4.451612551466851642e+01
3.984276590176833821e+01
3.556167217567718097e+01
3.164775232581643039e+01
2.807709390815877981e+01
2.482692507624999223e+01
2.187557580001103830e+01
1.920243938766795111e+01
1.678793440793790026e+01
1.461346714441986272e+01
1.266139464028507611e+01
1.091498840400929637e+01
9.358398847300504642e+00
7.976620501628823412e+00
6.755458049907029583e+00
5.681493211063059157e+00
4.742052507390505767e+00
3.925175928625096233e+00
3.219586504886382983e+00
2.614660807208352811e+00
2.100400373783767982e+00
1.667404059225861657e+00
1.306841313301497776e+00
1.010426375560640189e+00
7.703933794286652592e-01
5.794723553828331486e-01
4.308661207309516517e-01
3.182280397408321915e-01
2.356406382833852453e-01
1.775950574190440223e-01
1.389713259071778673e-01
1.150194328043011444e-01
1.013411815040271974e-01
9.387280421509688888e-02
8.886831647690203451e-02
8.288359153526432543e-02
7.276113368011441485e-02
5.561552954344343991e-02
2.881955717336716002e-02
-1.000906786269309227e-02
-6.302032959163009207e-02
-1.321439514435584495e-01
-2.191008589266399409e-01
-3.254140842791490851e-01
-4.524191315845970673e-01
-6.012738209598936789e-01
-7.729676296980890760e-01
-9.683305478484593998e-01
-1.188041465034028743e+00
-1.432636105046442010e+00
-1.702514523772427069e+00
-1.997948186312631824e+00
-2.319086637518823935e+00
-2.665963781316941006e+00
-3.038503780719475689e+00
-3.436526593556909592e+00
-3.859753156652224515e+00
-4.307810227655707536e+00
-4.780234900932765818e+00
-5.276478805962114826e+00
-5.795911997082304978e+00
-6.337826549287833622e+00
-6.901439867513387227e+00
-7.485897717057413026e+00
-8.090276987276805443e+00
-8.713588194230206696e+00
-9.354777736562475354e+00
-1.001272989773375777e+01
-1.068626862216827611e+01
-1.137415905999811194e+01
-1.207510887693841717e+01
-1.278776937438721895e+01
-1.351073637273557715e+01
-1.424255091008631169e+01
-1.498169973222869622e+01
-1.572661560293383864e+01
-1.647567742632328702e+01
-1.722721017624076012e+01
-1.797948467896883429e+01
-1.873071722008066686e+01
-1.947906897033464446e+01
-2.022264530159231199e+01
-2.095949493158554944e+01
-2.168760893443963411e+01
-2.240491963437721878e+01
-2.310929938907848680e+01
-2.379855926632722074e+01
-2.447044760153784893e+01
-2.512264851594202852e+01
-2.575278040813081404e+01
-2.635839428049187561e+01
-2.693697218835137619e+01
-2.748592563386597831e+01
-2.800259393367364069e+01
-2.848424278321007819e+01
-2.892806278701904432e+01
-2.933116824010778956e+01
-2.969059597189762911e+01
-3.000330454406994107e+01
-3.026617371599298068e+01
-3.047600417458378175e+01
-3.062951779746299508e+01
-3.072335851906952442e+01
-3.075409353401553858e+01
-3.071821550872691731e+01
-3.061214550619496677e+01
-3.043223676933066457e+01
-3.017477999948445344e+01
-2.983600938440219252e+01
-2.941211063693146599e+01
-2.889923023654718293e+01
-2.829348691092330270e+01
-2.759098525543565827e+01
-2.678783135298061069e+01
-2.588015174106122274e+01
-2.486411508784533808e+01
-2.373595706538727867e+01
-2.249200959640381825e+01
-2.112873384095784957e+01
-1.964275802380806013e+01
-1.803092040303618759e+01
-1.629031798286649746e+01
-1.441836140798644550e+01
-1.241283635631248039e+01
-1.027197264460532367e+01
-7.994521630980357507e+00
-5.579840879592364189e+00
-3.027989748444144702e+00
-3.398336893839096762e-01
2.482841282338103195e+00
5.437202107162571352e+00
8.519232310575498346e+00
1.172358252567306280e+01
1.504341088186056297e+01
1.847021013914591236e+01
2.199362338448273491e+01
2.560124986044267814e+01
2.927843932574885599e+01
3.300807680729954541e+01
3.677036279082712156e+01
4.054258546314030554e+01
4.429889311498368443e+01
4.801006815960106167e+01
5.164330684592280818e+01
5.516201369921274988e+01
5.852561203917571220e+01
6.168938582875437504e+01
6.460435553044182200e+01
6.721720179715796917e+01
6.947025245152838124e+01
7.130153918332344176e+01
7.264494690720690073e+01
7.343046865434416759e+01
7.358458332147320391e+01
7.303077926456438718e+01
7.169023863608917679e+01
6.948270551590807997e+01
6.632755706914294080e+01
6.214509029432650777e+01
5.685804908137330216e+01
5.039339333954597322e+01
4.268431995823708291e+01
3.367253845469709717e+01
2.331078340875223276e+01
1.156555165659141160e+01
-1.579976254093273358e+00
-1.612287518159287814e+01
-3.203733990019842537e+01
-4.927156471853354702e+01
-6.774473128285316648e+01
-8.734423763616867120e+01
-1.079233072578207384e+02
-1.292991324190368800e+02
-1.512517326035931831e+02
-1.735237032992693003e+02
-1.958210412635340845e+02
-2.178152157089345167e+02
-2.391466435023867518e+02
-2.594296944752123295e+02
-2.782592933857580419e+02
-2.952191468981040430e+02
-3.098915284951805234e+02
-3.218684784106643519e+02
-3.307641749551567614e+02
-3.362281315173426606e+02
-3.379587754270003757e+02
-3.357168635146049951e+02
-3.293381265295310527e+02
-3.187444729032725945e+02
-3.039530669664450215e+02
-2.850826361193300613e+02
-2.623564140358100758e+02
-2.361012688203151697e+02
-2.067427230500343285e+02
-1.747957834677487483e+02
-1.408517474120925499e+02
-1.055613691650822403e+02
-6.961503710149490587e+01
-3.372079120242769790e+01
1.418831733225389025e+00
3.513002884806066106e+01
6.678991600447454857e+01
9.584651824312133783e+01
1.218354175508879251e+02
1.443918955717377912e+02
1.632574241764552880e+02
1.782796981428778906e+02
1.894065501626455728e+02
1.966765444928169870e+02
2.002118947821233235e+02
2.002190615443458910e+02
1.969955166302906662e+02
1.909316478537747344e+02
1.824960602603061091e+02
1.722042591448527276e+02
1.605826459932114858e+02
1.481398282565876059e+02
1.353480651550712253e+02
1.226281351074447201e+02
1.103272859369526344e+02
9.868680727298698230e+01
8.781455469696494731e+01
7.769477572784047936e+01
6.824898795703315102e+01
5.941188406406532607e+01
5.117097122916727869e+01
4.355957237384620129e+01
3.662891778166071788e+01
3.042205590260477521e+01
2.495868464529109332e+01
2.023070235192810529e+01
1.620478359277686664e+01
1.282828831605356967e+01
1.003601541038512224e+01
7.756498941052853091e+00
5.917277847848953165e+00
4.448897861812782573e+00
3.287574088701201269e+00
2.376618815956254682e+00
1.666889048152246922e+00
1.116541953417700794e+00
6.903532110837653502e-01
3.590295406051638993e-01
9.993817183009648386e-02
