4.050554937404952970e-04
-1.531287742620654826e-02
-2.867677550968344286e-02
-3.959585421032134345e-02
-4.789684925002488103e-02
-5.333666878251290544e-02
-5.560321686925277090e-02
-5.430809082952954558e-02
-4.897941180677111567e-02
-3.906006528211156126e-02
-2.391164596105596965e-02
-2.821779033944235397e-03
2.498765614080916339e-02
6.035296484678613627e-02
1.041623492328640765e-01
1.573508710374207087e-01
2.208963647923470608e-01
2.958158826441572020e-01
3.831622416684979937e-01
4.840202762047497997e-01
5.995024416526254507e-01
7.307434590849365419e-01
8.788937327196414406e-01
1.045111313355066907e+00
1.230552213370910586e+00
1.436358906261469892e+00
1.663646853697963834e+00
1.913488884503042886e+00
2.186897190855790818e+00
2.484802583904850870e+00
2.808030439537914980e+00
3.157272445117305537e+00
3.533052867493330584e+00
3.935687772012244956e+00
4.365235944964280357e+00
4.821442251276188529e+00
5.303679407338456997e+00
5.810903895252806706e+00
6.341654007876514676e+00
6.894123325192081708e+00
7.466324360099346080e+00
8.056305613436894220e+00
8.662326215706645627e+00
9.282886219079287571e+00
9.916590755937082946e+00
1.056193523944966195e+01
1.121713736662610650e+01
1.188008491120655918e+01
1.254838396402847245e+01
1.321945012151654986e+01
1.389059321555225779e+01
1.455907401242239807e+01
1.522213324188047778e+01
1.587700235911884050e+01
1.652090581002668657e+01
1.715106158490459265e+01
1.776468376162106466e+01
1.835898863756211696e+01
1.893120488671874213e+01
1.947858756861520035e+01
1.999843546527141669e+01
2.048811095123556214e+01
2.094506136818834818e+01
2.136684079384659185e+01
2.175113112047717934e+01
2.209576157170368660e+01
2.239872608066700721e+01
2.265819824923038794e+01
2.287254389232302998e+01
2.304033130518500627e+01
2.316033947266308957e+01
2.323156442897376905e+01
2.325322392368144975e+01
2.322476051848483181e+01
2.314584317570991345e+01
2.301636737507456232e+01
2.283645377667255261e+01
2.260644543988987820e+01
2.232690362665166717e+01
2.199860221829115758e+01
2.162252079611012334e+01
2.119983644986025695e+01
2.073191438950398791e+01
2.022029745582710447e+01
1.966669463459963652e+01
1.907296868847824101e+01
1.844112302853685392e+01
1.777328795312088516e+01
1.707170638766055148e+01
1.633871925836789529e+01
1.557675063292830586e+01
1.478829275902304374e+01
1.397589112971187753e+01
1.314212969939301701e+01
1.228961636544864611e+01
1.142096882551495796e+01
1.053880090812178238e+01
9.645709470450043455e+00
8.744261943264204362e+00
7.836984590311400822e+00
6.926351543566706681e+00
6.014774658814500796e+00
5.104594233808299464e+00
4.198070613632977732e+00
3.297376696983237210e+00
2.404591352673103088e+00
1.521693739900284781e+00
6.505585277171557212e-01
-2.070480078633092635e-01
-1.049471036956209247e+00
-1.875169407196627169e+00
-2.682717094075067088e+00
-3.470803904813415386e+00
-4.238235483862019315e+00
-4.983932669208069655e+00
-5.706930245715236438e+00
-6.406375149750936693e+00
-7.081524170131571871e+00
-7.731741200658422741e+00
-8.356494097032520330e+00
-8.955351185183847207e+00
-9.527977472699644679e+00
-1.007413060534418925e+01
-1.059365661726262431e+01
-1.108648551851123720e+01
-1.155262675820353024e+01
-1.199216460369932591e+01
-1.240525346681300256e+01
-1.279211321225789355e+01
-1.315302447902670302e+01
-1.348832403999313811e+01
-1.379840022510873432e+01
-1.408368842730830117e+01
-1.434466671254715209e+01
-1.458185155075416262e+01
-1.479579368069578393e+01
-1.498707412186599619e+01
-1.515630034147342009e+01
-1.530410258557986580e+01
-1.543113038100172041e+01
-1.553804921175925813e+01
-1.562553737322694047e+01
-1.569428300437006030e+01
-1.574498129943468072e+01
-1.577833189815687120e+01
-1.579503645168938952e+01
-1.579579636196319292e+01
-1.578131069043380563e+01
-1.575227423232104229e+01
-1.570937575141082831e+01
-1.565329637004389163e+01
-1.558470810857025945e+01
-1.550427256773135909e+01
-1.541263974843188223e+01
-1.531044700232538247e+01
-1.519831810653877113e+01
-1.507686245581838591e+01
-1.494667436591465304e+01
-1.480833248162484317e+01
-1.466239928251544633e+01
-1.450942068056911616e+01
-1.434992570314405214e+01
-1.418442625562220982e+01
-1.401341695762424067e+01
-1.383737504721196032e+01
-1.365676034768129909e+01
-1.347201529109076112e+01
-1.328356499449868444e+01
-1.309181738372163295e+01
-1.289716335983943019e+01
-1.269997700442135979e+01
-1.250061581917400844e+01
-1.229942099665886346e+01
-1.209671771786016237e+01
-1.189281547347074408e+01
-1.168800840586706080e+01
-1.148257566849232880e+01
-1.127678180022960319e+01
-1.107087711207087466e+01
-1.086509808403643440e+01
-1.065966776920988224e+01
-1.045479620374265650e+01
-1.025068082088569632e+01
-1.004750686708197271e+01
-9.845447819012719037e+00
-9.644665799638948656e+00
-9.445311992315501115e+00
-9.247527051718394731e+00
-9.051441510674871793e+00
-8.857176182194422154e+00
-8.664842555264316459e+00
-8.474543184150258313e+00
-8.286372070701677472e+00
-8.100415038808822743e+00
-7.916750100780869381e+00
-7.735447814951538881e+00
-7.556571634451775488e+00
-7.380178246892731941e+00
-7.206317904606498459e+00
-7.035034745633495845e+00
-6.866367104764660390e+00
-6.700347814868183427e+00
-6.537004498650137663e+00
-6.376359850605926916e+00
-6.218431909439696703e+00
-6.063234320629498519e+00
-5.910776589571147710e+00
-5.761064325322814206e+00
-5.614099474933132328e+00
-5.469880548834045619e+00
-5.328402837035141282e+00
-5.189658616557514925e+00
-5.053637350288311403e+00
-4.920325877427149663e+00
-4.789708595752993681e+00
-4.661767635697412260e+00
-4.536483026707402999e+00
-4.413832856054286324e+00
-4.293793420250084480e+00
-4.176339369392913170e+00
-4.061443844515274293e+00
-3.949078608243482780e+00
-3.839214168996468501e+00
-3.731819898947016600e+00
-3.626864145992109378e+00
-3.524314339813757524e+00
-3.424137092382425251e+00
-3.326298293105619308e+00
-3.230763198750172371e+00
-3.137496518405002099e+00
-3.046462493624010115e+00
-2.957624973980716998e+00
-2.870947488240382039e+00
-2.786393311313006382e+00
-2.703925527203276946e+00
-2.623507088024902512e+00
-2.545100869326232917e+00
-2.468669721919897420e+00
-2.394176520340089542e+00
-2.321584208060428089e+00
-2.250855839631064281e+00
-2.181954619967251041e+00
-2.114843940765076091e+00
-2.049487414284512088e+00
-1.985848904647920854e+00
-1.923892556699799750e+00
-1.863582822636560943e+00
-1.804884486439873204e+00
-1.747762686270505794e+00
-1.692182934932373817e+00
-1.638111138466141536e+00
-1.585513613048084247e+00
-1.534357100204985613e+00
-1.484608780472028045e+00
-1.436236285616225850e+00
-1.389207709444790551e+00
-1.343491617324468868e+00
-1.299057054453003568e+00
-1.255873552972002427e+00
-1.213911138014505342e+00
-1.173140332703778599e+00
-1.133532162219112127e+00
-1.095058156949821004e+00
-1.057690354794537324e+00
-1.021401302699155522e+00
-9.861640574417193106e-01
-9.519521857472174053e-01
-9.187397637564275188e-01
-8.865013758995571314e-01
-8.552121132373265988e-01
-8.248475712721711206e-01
-7.953838473036090040e-01
-7.667975373443464138e-01
-7.390657326306953046e-01
-7.121660157820786097e-01
-6.860764566120942654e-01
-6.607756076493160879e-01
-6.362424993613597923e-01
-6.124566351338824877e-01
-5.893979860346444388e-01
-5.670469853588171461e-01
-5.453845230054961135e-01
-5.243919396904105357e-01
-5.040510210166782024e-01
-4.843439914291243209e-01
-4.652535080590687877e-01
-4.467626544894666152e-01
-4.288549344429775645e-01
-4.115142654123005728e-01
-3.947249722551999240e-01
-3.784717807518150345e-01
-3.627398111465711117e-01
-3.475145716805315144e-01
-3.327819521302709527e-01
-3.185282173603848910e-01
-3.047400008954015971e-01
-2.914042985274900577e-01
-2.785084619593673483e-01
-2.660401924948607166e-01
-2.539875347848364884e-01
-2.423388706304317464e-01
-2.310829128549447831e-01
-2.202086992444122204e-01
-2.097055865663733920e-01
-1.995632446711649577e-01
-1.897716506752434029e-01
-1.803210832360276628e-01
-1.712021169196721870e-01
-1.624056166653771172e-01
-1.539227323493474742e-01
-1.457448934501869853e-01
-1.378638038189037573e-01
-1.302714365571497057e-01
-1.229600290032599186e-01
-1.159220778304272947e-01
-1.091503342559621142e-01
-1.026377993642597353e-01
-9.637771954703958088e-02
-9.036358205844489955e-02
-8.458911068870442196e-02
-7.904826155432666257e-02
-7.373521900712538824e-02
-6.864439166543317983e-02
-6.377040856353098641e-02
-5.910811542204728875e-02
-5.465257103869416294e-02
-5.039904380030966330e-02
-4.634300831749691568e-02
-4.248014217937162718e-02
-3.880632283073006533e-02
-3.531762457013196826e-02
-3.201031566993797067e-02
-2.888085561837889365e-02
-2.592589248264144663e-02
-2.314226039393237414e-02
-2.052697715300675838e-02
-1.807724195765405065e-02
-1.579043325128518666e-02
-1.366410669224052930e-02
-1.169599324435822811e-02
-9.883997387587269839e-03
-8.226195449846729693e-03
-6.720834059286209805e-03
-5.366328717017235586e-03
-4.161262490074263062e-03
-3.104384824990355073e-03
-2.194610481414400582e-03
-1.431018586376704834e-03
-8.128518088330006445e-04
-3.395156547098016498e-04
-1.057788265198998738e-05
1.742319597290853265e-04
2.150228781907234719e-04
1.117426535202907279e-04
-1.358220588902367507e-04
-5.280457508800010706e-04
-1.065464205658165535e-03
-1.748774764639403909e-03
-2.578836717124034349e-03
-3.556671814649036995e-03
-4.683464908516430519e-03
-5.960564712669248928e-03
-7.389484692343656347e-03
-8.971904078179718939e-03
-1.070966900948709839e-02
-1.260479380367328719e-02
-1.465946235647923833e-02
-1.687602967065855025e-02
-1.925702351608650845e-02
-2.180514622381071396e-02
-2.452327661106213849e-02
-2.741447204415909181e-02
-3.048197063193754108e-02
-3.372919356567787713e-02
-3.715974758814615669e-02
-4.077742760865386840e-02
-4.458621946130978536e-02
-4.859030279840551025e-02
-5.279405414265640056e-02
-5.720205007304014766e-02
-6.181907056835706654e-02
-6.665010250011080273e-02
-7.170034326904867195e-02
-7.697520461326141927e-02
-8.248031655743810753e-02
-8.822153152537945409e-02
-9.420492862163586112e-02
-1.004368180573973757e-01
-1.069237457664011237e-01
-1.136724981632494108e-01
-1.206901070877592214e-01
-1.279838549186509411e-01
-1.355612798438524391e-01
-1.434301813427078798e-01
-1.515986258100155415e-01
-1.600749523826415499e-01
-1.688677789445085231e-01
-1.779860083008424632e-01
-1.874388345781077825e-01
-1.972357497684911198e-01
-2.073865504996795228e-01
-2.179013449852985063e-01
-2.287905601564639568e-01
-2.400649490354318516e-01
-2.517355982462876618e-01
-2.638139357895095682e-01
-2.763117389594604845e-01
-2.892411425197446984e-01
-3.026146470582575798e-01
-3.164451275250987350e-01
-3.307458420328333593e-01
-3.455304407966708347e-01
-3.608129753450776689e-01
-3.766079079108849981e-01
-3.929301209972729803e-01
-4.097949272169487678e-01
-4.272180792605396737e-01
-4.452157801401875892e-01
-4.638046935942975457e-01
-4.830019546627288829e-01
-5.028251805337377034e-01
-5.232924814937512936e-01
-5.444224721531661926e-01
-5.662342827721627003e-01
-5.887475708113565354e-01
-6.119825326335812665e-01
-6.359599153315097508e-01
-6.607010288013580590e-01
-6.862277578544309087e-01
-7.125625745256857213e-01
-7.397285504473644080e-01
-7.677493693501935557e-01
-7.966493397138465493e-01
-8.264534073465530373e-01
-8.571871681853076019e-01
-8.888768809358330580e-01
-9.215494799709358364e-01
-9.552325879947297649e-01
-9.899545287311638520e-01
-1.025744339657407966e+00
-1.062631784391794509e+00
-1.100647365257878318e+00
-1.139822335463956504e+00
-1.180188711093957732e+00
-1.221779282970528513e+00
-1.264627627984106883e+00
-1.308768120414270930e+00
-1.354235942556097028e+00
-1.401067094963602377e+00
-1.449298406325801425e+00
-1.498967542448417678e+00
-1.550113014976387982e+00
-1.602774188987557080e+00
-1.656991290036353259e+00
-1.712805410239528703e+00
-1.770258513140326562e+00
-1.829393437935713296e+00
-1.890253902003681707e+00
-1.952884502441436743e+00
-2.017330716054393402e+00
-2.083638897585824878e+00
-2.151856276716662464e+00
-2.222030952647203073e+00
-2.294211887075092271e+00
-2.368448894803065752e+00
-2.444792631889975976e+00
-2.523294581719918828e+00
-2.604007037570514438e+00
-2.686983083045753951e+00
-2.772276568611971026e+00
-2.859942085296015346e+00
-2.950034934443034107e+00
-3.042611093328960070e+00
-3.137727177178694316e+00
-3.235440395936285629e+00
-3.335808506909027304e+00
-3.438889762016160478e+00
-3.544742849189614908e+00
-3.653426828645673918e+00
-3.765001062240611596e+00
-3.879525136886841086e+00
-3.997058780604721751e+00
-4.117661770678070710e+00
-4.241393834933117724e+00
-4.368314543567333175e+00
-4.498483192992173585e+00
-4.631958679572714566e+00
-4.768799363860388496e+00
-4.909062924198503097e+00
-5.052806198969166829e+00
-5.200085017996348924e+00
-5.350954020747536788e+00
-5.505466462176452858e+00
-5.663674004587975652e+00
-5.825626495425498597e+00
-5.991371730684718955e+00
-6.160955201330844844e+00
-6.334419824699156543e+00
-6.511805657571548167e+00
-6.693149592574703988e+00
-6.878485035191270747e+00
-7.067841561100649983e+00
-7.261244554578458299e+00
-7.458714824173449109e+00
-7.660268198730992850e+00
-7.865915099717192049e+00
-8.075660090444332084e+00
-8.289501402346052927e+00
-8.507430435228540588e+00
-8.729431234504955839e+00
-8.955479941016358580e+00
-9.185544214853976541e+00
-9.419582633583212683e+00
-9.657544061609380392e+00
-9.899366994224106264e+00
-1.014497887263774700e+01
-1.039429537106240709e+01
-1.064721965840831253e+01
-1.090364162953738614e+01
-1.116343711255337467e+01
-1.142646704726717033e+01
-1.169257663951341542e+01
-1.196159449050459145e+01
-1.223333170169779827e+01
-1.250758096025013799e+01
-1.278411560176811435e+01
-1.306268865718382521e+01
-1.334303188350784986e+01
-1.362485478213347889e+01
-1.390784360979701262e+01
-1.419166038106756034e+01
-1.447594187373818464e+01
-1.476029863512547990e+01
-1.504431400027925214e+01
-1.532754312398292740e+01
-1.560951203364358975e+01
-1.588971671441261080e+01
-1.616762222808694460e+01
-1.644266188012080931e+01
-1.671423644091759542e+01
-1.698171343077601847e+01
-1.724442648373792863e+01
-1.750167479670141901e+01
-1.775272268116795260e+01
-1.799679922763506568e+01
-1.823309809633849810e+01
-1.846077745355556843e+01
-1.867896006407358911e+01
-1.888673356051929275e+01
-1.908315090282026460e+01
-1.926723104847616952e+01
-1.943795985061046849e+01
-1.959429120195117946e+01
-1.973514844622114239e+01
-1.985942607278474625e+01
-1.996599171605078382e+01
-2.005368847845671709e+01
-2.012133759496751750e+01
-2.016774145894619963e+01
-2.019168702400558146e+01
-2.019194960048497123e+01
-2.016729706019419410e+01
-2.011649446347635717e+01
-2.003830911844116258e+01
-1.993151607909911149e+01
-1.979490409247295801e+01
-1.962728199221282210e+01
-1.942748553795995647e+01
-1.919438469734267727e+01
-1.892689135451220750e+01
-1.862396743384072195e+01
-1.828463341514832052e+01
-1.790797721038440926e+01
-1.749316337213742401e+01
-1.703944258708091652e+01
-1.654616140950323810e+01
-1.601277217794509156e+01
-1.543884304596437396e+01
-1.482406806283454337e+01
-1.416827721456308531e+01
-1.347144634545272623e+01
-1.273370685999230290e+01
-1.195535509814822817e+01
-1.113686128182414059e+01
-1.027887790866972750e+01
-9.382247474024163481e+00
-8.448009397625455108e+00
-7.477406016703776359e+00
-6.471887526468900198e+00
-5.433115726474287754e+00
-4.362966449022518844e+00
-3.263530544803117550e+00
-2.137113298463399147e+00
-9.862321752099837413e-01
1.863872143872012666e-01
1.377817009946386895e+00
2.584934934183511501e+00
3.804434117694741158e+00
5.032834940813218694e+00
6.266498915168858375e+00
7.501644576930400987e+00
8.734365362500826180e+00
9.960649388287846406e+00
1.117640103521614670e+01
1.237746421691514520e+01
1.355964715971241397e+01
1.471874851766185799e+01
1.585058459542101872e+01
1.695101743427819585e+01
1.801598350251409286e+01
1.904152268680359938e+01
2.002380728942180710e+01
2.095917069963195800e+01
2.184413541891350263e+01
2.267544010405291033e+01
2.345006529693421626e+01
2.416525752501224744e+01
2.481855145211553904e+01
2.540778979342253052e+01
2.593114072056532038e+01
2.638711250902170491e+01
2.677456521696923986e+01
2.709271920297207714e+01
2.734116034326060785e+01
2.751984184207583084e+01
2.762908258500971215e+01
2.766956204568842281e+01
2.764231182768329020e+01
2.754870404800510997e+01
2.739043687130822846e+01
2.716951769120384341e+01
2.688824463925415387e+01
2.654918729974736635e+01
2.615516768252656732e+01
2.570924253316519881e+01
2.521468787729924443e+01
2.467498616679642254e+01
2.409381546107596250e+01
2.347503886645009530e+01
2.282269124749947764e+01
2.214095954367018493e+01
2.143415337475650162e+01
2.070666415562120832e+01
1.996291342273033464e+01
1.920729357878536092e+01
1.844410594411725768e+01
1.767750118975312645e+01
1.691142597929434999e+01
1.614957756270008815e+01
1.539536591894989037e+01
1.465188148897516740e+01
1.392186594983778569e+01
1.320768406701441400e+01
1.251129641707445295e+01
1.183423554438269498e+01
1.117759139759587939e+01
1.054201460459862894e+01
9.927746994095343780e+00
9.334686107999161209e+00
8.762483500215809684e+00
8.210666331679169261e+00
7.678762091908100551e+00
7.166402766347133024e+00
6.673390134878969704e+00
6.199714737967203071e+00
5.745532891804439046e+00
5.311115484808394349e+00
4.896784712159035102e+00
4.502851732131774476e+00
4.129563557618113556e+00
3.777063293058970928e+00
3.445364587819661484e+00
3.134339094991554830e+00
2.843714648637891695e+00
2.573081544016750488e+00
2.321904448697303280e+00
2.089537854094658531e+00
1.875243443159129608e+00
1.678208188959410041e+00
1.497562363281928599e+00
1.332396888774797450e+00
1.181779628644546554e+00
1.044770291797376460e+00
9.204336864493486425e-01
8.078511148545730602e-01
7.061297854987774736e-01
6.144102278146463814e-01
5.318717979335418899e-01
4.577364456632176393e-01
3.912709504525864190e-01
3.317878303953658015e-01
2.786451053227891883e-01
2.312450744828732363e-01
1.890323068266236972e-01
1.514911731883464563e-01
1.181435474866800311e-01
8.854780155035416045e-02
6.230088119189263612e-02
3.904574001789089255e-02
1.848579986699822389e-02
