2.020202020202020443e-01 3.825780415982798499e-01 -8.632862990976821749e-01
2.424242424242424310e-01 3.539135596997575184e-01 -7.746267106391165891e-01
2.828282828282828731e-01 3.290559753309255098e-01 -6.981710182875304760e-01
3.232323232323232598e-01 3.068354277281912790e-01 -6.305121426254552963e-01
3.636363636363636465e-01 2.864955968460211055e-01 -5.694562112769775419e-01
4.040404040404040886e-01 2.675092697900892658e-01 -5.135175638734241765e-01
4.444444444444444753e-01 2.494842820647578674e-01 -4.616646969266750000e-01
4.848484848484848619e-01 2.321116198041375533e-01 -4.131817500775340490e-01
5.252525252525253041e-01 2.151354450951441788e-01 -3.675852126598578296e-01
5.656565656565657463e-01 1.983359983745794641e-01 -3.245656793454322342e-01
6.060606060606060774e-01 1.815213308523118685e-01 -2.839396345607675953e-01
6.464646464646465196e-01 1.645260720658887621e-01 -2.456060314976621917e-01
6.868686868686869618e-01 1.472159548708256716e-01 -2.095086659886642999e-01
7.272727272727272929e-01 1.294958285429050060e-01 -1.756074526755720955e-01
7.676767676767677351e-01 1.113170050986140719e-01 -1.438602420881336108e-01
8.080808080808081773e-01 9.267889281609929808e-02 -1.142140791518519022e-01
8.484848484848485084e-01 7.362223774844184332e-02 -8.660302742317685376e-02
8.888888888888889506e-01 5.421640609790130683e-02 -6.094952911972353893e-02
9.292929292929293927e-01 3.454661912638677668e-02 -3.716711495960157985e-02
9.696969696969697239e-01 1.470550224616319970e-02 -1.516327726209627108e-02
1.010101010101010166e+00 -5.211008941712334461e-03 5.157973726468638442e-03
1.050505050505050608e+00 -2.510571318756683531e-02 2.389398975254426738e-02
1.090909090909091050e+00 -4.488174083708593165e-02 4.114178546870506797e-02
1.131313131313131493e+00 -6.444355738944719525e-02 5.699671090057768785e-02
1.171717171717171713e+00 -8.369144487288465717e-02 7.155144035090313381e-02
1.212121212121212155e+00 -1.024788283543131423e-01 8.489522055810637402e-02
1.252525252525252597e+00 -1.204488790256521419e-01 9.711332077603727908e-02
1.292929292929293039e+00 -1.367236225038441222e-01 1.082866325749758524e-01
1.333333333333333481e+00 -1.500185145244093132e-01 1.184913783291598327e-01
1.373737373737373924e+00 -1.597497148564837322e-01 1.277989020636446649e-01
1.414141414141414366e+00 -1.664542311202526215e-01 1.362755309506094026e-01
1.454545454545454586e+00 -1.709971092941952042e-01 1.439825073892532781e-01
1.494949494949495028e+00 -1.740624397049090610e-01 1.509759989446679274e-01
1.535353535353535470e+00 -1.761058712817374639e-01 1.573071964332867501e-01
1.575757575757575912e+00 -1.774229508882386730e-01 1.630225097227755160e-01
1.616161616161616355e+00 -1.782089561539668410e-01 1.681638669549336274e-01
1.656565656565656797e+00 -1.785968795223938088e-01 1.727691162317750162e-01
1.696969696969697017e+00 -1.786801499435081708e-01 1.768725195713418408e-01
1.737373737373737459e+00 -1.785262918769773832e-01 1.805053177503898876e-01
1.777777777777777901e+00 -1.781853395086100134e-01 1.836963329960883684e-01
1.818181818181818343e+00 -1.776951757776358554e-01 1.864725668668197334e-01
1.858585858585858785e+00 -1.770850218935782483e-01 1.888597461409290412e-01
1.898989898989899228e+00 -1.763777822171089249e-01 1.908827726463571683e-01
1.939393939393939448e+00 -1.755916604079111598e-01 1.925660444298591401e-01
1.979797979797979890e+00 -1.747412990858498161e-01 1.939336336314190223e-01
