2.020202020202020443e-01 4.189970290882915060e-01 -9.142912888607073185e-01
2.222222222222222376e-01 3.996431023447168385e-01 -8.591896418577251726e-01
2.424242424242424310e-01 3.820030038921101156e-01 -8.090956980925808617e-01
2.626262626262626521e-01 3.657651735439467200e-01 -7.631550779992466449e-01
2.828282828282828731e-01 3.506913812764429483e-01 -7.207107856245377198e-01
3.030303030303030387e-01 3.365952561770287899e-01 -6.812466745763543496e-01
3.232323232323232598e-01 3.233280565361947856e-01 -6.443498751478944353e-01
3.434343434343434809e-01 3.107689444321508065e-01 -6.096850654118571855e-01
3.636363636363636465e-01 2.988181598744483747e-01 -5.769763986411675649e-01
3.838383838383838675e-01 2.873921174521369415e-01 -5.459945285999752151e-01
4.040404040404040886e-01 2.764198112110315408e-01 -5.165471171663295058e-01
4.242424242424242542e-01 2.658401306286485299e-01 -4.884717734353236640e-01
4.444444444444444753e-01 2.555998246837403731e-01 -4.616307218157342795e-01
4.646464646464646964e-01 2.456519362381305305e-01 -4.359067171890745884e-01
4.848484848484848619e-01 2.359545845493089267e-01 -4.111998680725789668e-01
5.050505050505050830e-01 2.264700109196036981e-01 -3.874251234303656144e-01
5.252525252525253041e-01 2.171638279932178450e-01 -3.645102431765862017e-01
5.454545454545455252e-01 2.080044311418121905e-01 -3.423941176797142272e-01
5.656565656565657463e-01 1.989625432967320751e-01 -3.210253349164947645e-01
5.858585858585858563e-01 1.900108740556789300e-01 -3.003609199012967079e-01
6.060606060606060774e-01 1.811238809047731879e-01 -2.803651924823774566e-01
6.262626262626262985e-01 1.722776253577726346e-01 -2.610087080703549223e-01
6.464646464646465196e-01 1.634497199548400059e-01 -2.422672618727118588e-01
6.666666666666667407e-01 1.546193631587900741e-01 -2.241209505423337467e-01
6.868686868686869618e-01 1.457674579461439857e-01 -2.065532953279592410e-01
7.070707070707071829e-01 1.368768059158615158e-01 -1.895504372759765077e-01
7.272727272727272929e-01 1.279323618403052643e-01 -1.731004175471354545e-01
7.474747474747475140e-01 1.189215241612702756e-01 -1.571925548045139120e-01
7.676767676767677351e-01 1.098344262911137154e-01 -1.418169276581751626e-01
7.878787878787879562e-01 1.006641843572023132e-01 -1.269639645007206719e-01
8.080808080808081773e-01 9.140705287238884424e-02 -1.126241370042456863e-01
8.282828282828283983e-01 8.206244460900986859e-02 -9.878774813998369986e-02
8.484848484848485084e-01 7.263278713628597283e-02 -8.544480165367708546e-02
8.686868686868687295e-01 6.312321507453387548e-02 -7.258493772893075124e-02
8.888888888888889506e-01 5.354112877485137090e-02 -6.019741913681688622e-02
9.090909090909091717e-01 4.389567797969003149e-02 -4.827115314234813048e-02
9.292929292929293927e-01 3.419724356732849191e-02 -3.679473639111852101e-02
9.494949494949496138e-01 2.445698585295943972e-02 -2.575651247834181631e-02
9.696969696969697239e-01 1.468650448114956070e-02 -1.514463447989675138e-02
9.898989898989899450e-01 4.897619941795896235e-03 -4.947127152793722067e-03
1.010101010101010166e+00 -4.897747547991785667e-03 4.848054436482915862e-03
1.030303030303030498e+00 -1.468764542373024971e-02 1.425297148690029235e-02
1.050505050505050608e+00 -2.446013684559292592e-02 2.327965370596363562e-02
1.070707070707070718e+00 -3.420331538310508734e-02 3.194005693574651639e-02
1.090909090909091050e+00 -4.390517845615040521e-02 4.024602547425987914e-02
1.111111111111111160e+00 -5.355311350785563890e-02 4.820925824831480411e-02
1.131313131313131493e+00 -6.313257987515184799e-02 5.584127803598717965e-02
1.151515151515151603e+00 -7.262440103565086236e-02 6.315340307950303989e-02
1.171717171717171713e+00 -8.200001866019147878e-02 7.015672063118127966e-02
1.191919191919192045e+00 -9.121436711456326618e-02 7.686206218709340510e-02
1.212121212121212155e+00 -1.001972383150331602e-01 8.327998035766663587e-02
1.232323232323232487e+00 -1.088466977130628094e-01 8.942072748420927530e-02
1.252525252525252597e+00 -1.170315612471859168e-01 9.529423622774083058e-02
1.272727272727272929e+00 -1.246099445420945362e-01 1.009101024326783391e-01
1.292929292929293039e+00 -1.314618574750616165e-01 1.062775705992736186e-01
1.313131313131313149e+00 -1.375198910269469776e-01 1.114055223120842958e-01
1.333333333333333481e+00 -1.427800462296790474e-01 1.163024679378621834e-01
1.353535353535353591e+00 -1.472900985730374590e-01 1.209765418716138990e-01
1.373737373737373924e+00 -1.511275544819945527e-01 1.254355015561245124e-01
1.393939393939394034e+00 -1.543797402280168707e-01 1.296867304229426809e-01
1.414141414141414366e+00 -1.571311250112259750e-01 1.337372448369048283e-01
1.434343434343434476e+00 -1.594572659448645902e-01 1.375937050335901413e-01
1.454545454545454586e+00 -1.614229830402998112e-01 1.412624299484076529e-01
1.474747474747474918e+00 -1.630826969825258654e-01 1.447494157343463261e-01
1.494949494949495028e+00 -1.644816483185979339e-01 1.480603576565350799e-01
1.515151515151515360e+00 -1.656573347954244102e-01 1.512006749401271222e-01
1.535353535353535470e+00 -1.666408713919304840e-01 1.541755380359958738e-01
1.555555555555555580e+00 -1.674581671009981731e-01 1.569898976631372844e-01
1.575757575757575912e+00 -1.681309000730493164e-01 1.596485148950385069e-01
1.595959595959596022e+00 -1.686773083150309438e-01 1.621559914878384911e-01
1.616161616161616355e+00 -1.691128243004959009e-01 1.645167996092284368e-01
1.636363636363636465e+00 -1.694505824136639804e-01 1.667353101266885185e-01
1.656565656565656797e+00 -1.697018247784647105e-01 1.688158186524131854e-01
1.676767676767676907e+00 -1.698762266627368567e-01 1.707625686312396474e-01
1.696969696969697017e+00 -1.699821584266524299e-01 1.725797708785462570e-01
1.717171717171717349e+00 -1.700268974126037669e-01 1.742716191368221534e-01
1.737373737373737459e+00 -1.700168002517029597e-01 1.758423014003386575e-01
1.757575757575757791e+00 -1.699574437563915186e-01 1.772960069492174606e-01
1.777777777777777901e+00 -1.698537407710691560e-01 1.786369292218862037e-01
1.797979797979798233e+00 -1.697100359608263165e-01 1.798692648252572246e-01
1.818181818181818343e+00 -1.695301854438094058e-01 1.809972091239003822e-01
1.838383838383838453e+00 -1.693176233427362287e-01 1.820249489551727939e-01
1.858585858585858785e+00 -1.690754176889042171e-01 1.829566530828113102e-01
1.878787878787878896e+00 -1.688063176134618482e-01 1.837964610268287280e-01
1.898989898989899228e+00 -1.685127933720192706e-01 1.845484708960774267e-01
1.919191919191919338e+00 -1.681970704445972242e-01 1.852167268074781104e-01
1.939393939393939448e+00 -1.678611587136438488e-01 1.858052064101455292e-01
1.959595959595959780e+00 -1.675068775337246740e-01 1.863178089516313030e-01
1.979797979797979890e+00 -1.671358773563874633e-01 1.867583442335555566e-01
2.000000000000000000e+00 -1.667496584548367466e-01 1.871305227199180632e-01
