1.175900934966135625e-02
1.279428662068943928e-02
1.391639724336568920e-02
1.513026003798964569e-02
1.644305327435666847e-02
1.786328722585596093e-02
1.940022246609334616e-02
2.106357217078144717e-02
2.286336201655109895e-02
2.480985574381085884e-02
2.691349576091060791e-02
2.918483358177946518e-02
3.163443764439276967e-02
3.427277324170432266e-02
3.711005527034021145e-02
4.015608001720921694e-02
4.342004624183956607e-02
4.691037808301614515e-02
5.063456423665291944e-02
5.459903131709128304e-02
5.880907467405802752e-02
6.326887438012374076e-02
6.798162102611568502e-02
7.294975686738687515e-02
7.817529941582761210e-02
8.366016915688231914e-02
8.940642030913804883e-02
9.541629901102831324e-02
1.016921183859156724e-01
1.082360027152736853e-01
1.150495774778282354e-01
1.221336681548194081e-01
1.294880428445789600e-01
1.371112128864367674e-01
1.450002971719004941e-01
1.531509538391236658e-01
1.615573797529708533e-01
1.702123703614118466e-01
1.791074235689618654e-01
1.882328670561703443e-01
1.975779912681847050e-01
2.071311772826576469e-01
2.168800156215101027e-01
2.268114163793832350e-01
2.369117127309432747e-01
2.471667599387155911e-01
2.575620313748747114e-01
2.680827123619630159e-01
2.787137920591640228e-01
2.894401532188278781e-01
3.002466593873903689e-01
3.111182389859338815e-01
3.220399656449398629e-01
3.329971341619263892e-01
3.439753314843474463e-01
3.549605021830007923e-01
3.659390079654294969e-01
3.768976808778006227e-01
3.878238699514265919e-01
3.987054811610402649e-01
4.095310106712227727e-01
4.202895714510184177e-01
4.309709134315071188e-01
4.415654374646795222e-01
4.520642034129070397e-01
4.624589327558935592e-01
4.727420061461615197e-01
4.829064563752942241e-01
4.929459572321260863e-01
5.028548087419115742e-01
5.126279192735420098e-01
5.222607849914033817e-01
5.317494671109633808e-01
5.410905673939435667e-01
5.502812022913512457e-01
5.593189761119029546e-01
5.682019535605700167e-01
5.769286319581062861e-01
5.854979134183081468e-01
5.939090772261099715e-01
6.021617526269962273e-01
6.102558922071049663e-01
6.181917460140851084e-01
6.259698365415445886e-01
6.335909346749176718e-01
6.410560366738612403e-01
6.483663422458737502e-01
6.555232337477070459e-01
6.625282565352152986e-01
6.693831004684401842e-01
6.760895825668677972e-01
6.826496307997534929e-01
6.890652689880570891e-01
6.953386027876714559e-01
7.014718067181791028e-01
7.074671121971077836e-01
7.133267965364952223e-01
7.190531728563387404e-01
7.246485808680984686e-01
7.301153784806976299e-01
7.354559341813616813e-01
7.406726201439864932e-01
7.457678060185405355e-01
7.507438533560923943e-01
7.556031106254467167e-01
7.603479087789666302e-01
7.649805573268787517e-01
7.695033408812095299e-01
7.739185161324168005e-01
7.782283092237316513e-01
7.824349134901791292e-01
7.865404875312139721e-01
7.905471535878059175e-01
7.944569961967034022e-01
7.982720610964083585e-01
8.019943543611617320e-01
8.056258417409120076e-01
8.091684481868484102e-01
8.126240575436080027e-01
8.159945123907133002e-01
8.192816140171585992e-01
8.224871225143562947e-01
8.256127569738509475e-01
8.286601957773496174e-01
8.316310769676579229e-01
8.345269986901132642e-01
8.373495196949968244e-01
8.401001598922791525e-01
8.427804009508230720e-01
8.453916869348998553e-01
8.479354249715500558e-01
8.504129859429345739e-01
8.528257051983920700e-01
8.551748832814458634e-01
8.574617866674816291e-01
8.596876485082597386e-01
8.618536693798292125e-01
8.639610180307786269e-01
8.660108321280995947e-01
8.680042189982447587e-01
8.699422563612366766e-01
8.718259930559520976e-01
8.736564497549240693e-01
8.754346196672190272e-01
8.771614692281476389e-01
8.788379387747177196e-01
8.804649432059166170e-01
8.820433726270345831e-01
8.835740929773790997e-01
8.850579466408351470e-01
8.864957530388348772e-01
8.878883092053860837e-01
8.892363903438978978e-01
8.905407503656135315e-01
8.918021224095146193e-01
8.930212193436426471e-01
8.941987342478064926e-01
8.953353408777190436e-01
8.964316941106150738e-01
8.974884303724700585e-01
8.985061680469450529e-01
8.994855078662203907e-01
9.004270332839052760e-01
9.013313108302243304e-01
9.021988904497056927e-01
9.030303058216013756e-01
9.038260746632950093e-01
9.045866990169454391e-01
9.053126655196397365e-01
9.060044456573236316e-01
9.066624960027876989e-01
9.072872584379876315e-01
9.078791603609883687e-01
9.084386148778080816e-01
9.089660209794531154e-01
9.094617637044276615e-01
9.099262142870040426e-01
9.103597302915336087e-01
9.107626557330815720e-01
9.111353211846654476e-01
9.114780438713718791e-01
9.117911277516278501e-01
9.120748635858915154e-01
9.123295289930403174e-01
9.125553884947077421e-01
9.127526935478398329e-01
9.129216825657234802e-01
9.130625809277428395e-01
9.131756009781112349e-01
9.132609420138328993e-01
9.133187902621265897e-01
9.133493188475664271e-01
9.133526877491673357e-01
9.133290437476579982e-01
9.132785203631651472e-01
9.132012377835504457e-01
9.130973027836225553e-01
9.129668086354503220e-01
9.128098350100046776e-01
9.126264478703539629e-01
9.124166993566318329e-01
9.121806276630030075e-01
9.119182569068486899e-01
9.116295969903924767e-01
9.113146434549885821e-01
9.109733773282999714e-01
9.106057649645838969e-01
9.102117578783159857e-01
9.097912925713825816e-01
9.093442903540646105e-01
9.088706571600563278e-01
9.083702833557479872e-01
9.078430435440194568e-01
9.072887963627876973e-01
9.067073842785627891e-01
9.060986333752643063e-01
9.054623531385651569e-01
9.047983362360363380e-01
9.041063582933593912e-01
9.033861776669092070e-01
9.026375352129876184e-01
9.018601540540230888e-01
9.010537393420489094e-01
9.002179780197845371e-01
8.993525385796693472e-01
8.984570708211877532e-01
8.975312056068643907e-01
8.965745546173050640e-01
8.955867101056831370e-01
8.945672446520832599e-01
8.935157109181408597e-01
8.924316414024194843e-01
8.913145481970073947e-01
8.901639227458210124e-01
8.889792356051280375e-01
8.877599362068391287e-01
8.865054526251180400e-01
8.852151913469186173e-01
8.838885370470443981e-01
8.825248523684003921e-01
8.811234777081017322e-01
8.796837310101505158e-01
8.782049075654285719e-01
8.766862798197830875e-01
8.751270971910198870e-01
8.735265858956619001e-01
8.718839487863635496e-01
8.701983652009260828e-01
8.684689908238859557e-01
8.666949575617122203e-01
8.648753734326863896e-01
8.630093224725878809e-01
8.610958646573709796e-01
8.591340358440592295e-01
8.571228477311517713e-01
8.550612878398882177e-01
8.529483195177889332e-01
8.507828819659351005e-01
8.485638902915396686e-01
8.462902355874122318e-01
8.439607850400059341e-01
8.415743820677957787e-01
8.391298464918233169e-01
8.366259747403280711e-01
8.340615400894465514e-01
8.314352929420723015e-01
8.287459611470396892e-01
8.259922503608966293e-01
8.231728444546154710e-01
8.202864059677038577e-01
8.173315766122566384e-01
8.143069778296191386e-01
8.112112114024181420e-01
8.080428601248383913e-01
8.048004885341285553e-01
8.014826437064471731e-01
7.980878561202668919e-01
7.946146405906877597e-01
7.910614972781311316e-01
7.874269127750156416e-01
7.837093612741509174e-01
7.799073058227151689e-01
7.760191996658293290e-01
7.720434876838677685e-01
7.679786079278015931e-01
7.638229932570085312e-01
7.595750730841311915e-01
7.552332752317199027e-01
7.507960279055400088e-01
7.462617617895842548e-01
7.416289122679765589e-01
7.368959217791131167e-01
7.320612423075356645e-01
7.271233380191928219e-01
7.220806880458874311e-01
7.169317894248687928e-01
7.116751601996673671e-01
7.063093426884266002e-01
7.008329069261093336e-01
6.952444542871134558e-01
6.895426212949358202e-01
6.837260836256684460e-01
6.777935603121999497e-01
6.717438181561126154e-01
6.655756763543438925e-01
6.592880113477532777e-01
6.528797618987975948e-01
6.463499344055432250e-01
6.396976084592662648e-01
6.329219426528739367e-01
6.260221806473408312e-01
6.189976575032736239e-01
6.118478062846118837e-01
6.045721649413204890e-01
5.971703834777131181e-01
5.896422314128129116e-01
5.819876055388188973e-01
5.742065379833853900e-01
5.662992045809441821e-01
5.582659335577764281e-01
5.501072145348849807e-01
5.418237078519896333e-01
5.334162542150979736e-01
5.248858846691052404e-01
5.162338308957409305e-01
5.074615358358576245e-01
4.985706646335615333e-01
4.895631158979709130e-01
4.804410332764419977e-01
4.712068173308880392e-01
4.618631377063070476e-01
4.524129455777803899e-01
4.428594863589868647e-01
4.332063126516195184e-01
4.234572974109634957e-01
4.136166472982091280e-01
4.036889161847853069e-01
3.936790187680019870e-01
3.835922442505023677e-01
3.734342700283231897e-01
3.632111753236449969e-01
3.529294546883862127e-01
3.425960312935409369e-01
3.322182699063172540e-01
3.218039894425085978e-01
3.113614749648200841e-01
3.008994889787393046e-01
2.904272818556057900e-01
2.799546011873051965e-01
2.694916998479433556e-01
2.590493425042331710e-01
2.486388102773843534e-01
2.382719032139679338e-01
2.279609401703797111e-01
2.177187556536625546e-01
2.075586930887867720e-01
1.974945938968689363e-01
1.875407816676292194e-01
1.777120405894808408e-01
1.680235871583272422e-01
1.584910340171661602e-01
1.491303445784259163e-01
1.399577768452543447e-01
1.309898145741580366e-01
1.222430836114979519e-01
1.137342509035166038e-01
1.054799033611176773e-01
9.749640354427828448e-02
8.979971920586454770e-02
8.240522448410284029e-02
7.532747267916704847e-02
6.857994528241695420e-02
6.217479062853871474e-02
5.612257782834782771e-02
5.043209952912118543e-02
4.511023784576522616e-02
4.016184136945412375e-02
3.558950515708927953e-02
3.139324922264864759e-02
2.757031418943361317e-02
2.411528417144805092e-02
2.102046676261486516e-02
1.827630608602741000e-02
1.587169238623641412e-02
1.379415718837075436e-02
1.202999453975512299e-02
1.056434956443618768e-02
9.381303875413939813e-03
8.463978338608024038e-03
7.794669012606462478e-03
7.355030165481035373e-03
7.126317249035840629e-03
7.089700737621821257e-03
7.226656325940852138e-03
7.519424294947635139e-03
7.951505894602986513e-03
8.508125882534408463e-03
9.176557832255538907e-03
9.946254795795719111e-03
1.080893901831546378e-02
