3.954659758040767609e-02
1.716686017089918415e-01
3.379241117440071607e-01
5.483965285772632869e-01
8.143130646931833194e-01
1.148297792851151522e+00
1.564854323171994244e+00
2.080826481341000456e+00
2.715776579100880106e+00
3.492260878996575890e+00
4.435986388322800344e+00
5.575821366406175983e+00
6.943611858730733388e+00
8.573742376743330951e+00
1.050238273984012061e+01
1.276638613899508812e+01
1.540183713555774148e+01
1.844227467663457887e+01
2.191664198922386220e+01
2.584706264669141973e+01
3.024664706268612235e+01
3.511770869858038679e+01
4.045099654519722066e+01
4.622676016711520219e+01
5.241851227463364893e+01
5.899997872854820713e+01
6.595461954037450880e+01
7.328506028153397267e+01
8.101726465135403998e+01
8.919299487078367861e+01
9.784825399013072911e+01
1.069864903532696729e+02
1.165592400990799860e+02
1.264614344963952135e+02
1.365387602741382125e+02
1.465992635034532157e+02
1.564233825361671109e+02
1.657707199937293296e+02
1.743848286652597608e+02
1.819983948760172723e+02
1.883408024865222785e+02
1.931486642439532488e+02
1.961780199142369554e+02
1.972153193271825842e+02
1.960842419165210231e+02
1.926473046912614961e+02
1.868039232974478807e+02
1.784880078944275965e+02
1.676674384874179964e+02
1.543458795261703074e+02
1.385659172511955717e+02
1.204120983487740517e+02
1.000128065741076711e+02
7.754047617643988133e+01
5.321006277496982051e+01
2.727591698335682580e+01
2.728982574136187139e-02
-2.821728322537737199e+01
-5.711647563572788044e+01
-8.631329943224440626e+01
-1.154426321797035229e+02
-1.441389010970801507e+02
-1.720436885183042648e+02
-1.988130303832881225e+02
-2.241241968883350353e+02
-2.476817670458913483e+02
-2.692228408785583724e+02
-2.885212700114147424e+02
-3.053908262149161601e+02
-3.196872709188087356e+02
-3.313093275638692035e+02
-3.401985970417072167e+02
-3.463384888821145751e+02
-3.497522685986045872e+02
-3.505003413103466983e+02
-3.486769063451426405e+02
-3.444061252701760623e+02
-3.378379459953946480e+02
-3.291437226695520621e+02
-3.185117625124100300e+02
-3.061429171254926587e+02
-2.922463230184182521e+02
-2.770353786558611660e+02
-2.607240280457738777e+02
-2.435234039521759826e+02
-2.256388676539413041e+02
-2.072674657128208935e+02
-1.885958112840037018e+02
-1.697983853955015263e+02
-1.510362422577630923e+02
-1.324560960402550904e+02
-1.141897594918455070e+02
-9.635390019762947134e+01
-7.905007766953227133e+01
-6.236502360486832686e+01
-4.637112655159941710e+01
-3.112708422944484354e+01
-1.667868807673606213e+01
-3.059706781451366542e+00
9.707161048428334382e+00
2.160929188322955241e+01
3.264312382005596902e+01
4.281314501332403211e+01
5.213090070071894644e+01
6.061403330858789928e+01
6.828536639006547659e+01
7.517204099464545664e+01
8.130471068898818032e+01
8.671679915349001533e+01
9.144382249540942098e+01
9.552277715027952354e+01
9.899159266295758641e+01
1.018886476176546694e+02
1.042523464556795005e+02
1.061207538697126722e+02
1.075312832849702573e+02
1.085204356492205449e+02
1.091235843768720315e+02
1.093748023383856065e+02
1.093067268689877807e+02
1.089504587573179322e+02
1.083354912922787605e+02
1.074896658049854778e+02
1.064391501479231863e+02
1.052084369201062515e+02
1.038203585126132538e+02
1.022961161940413888e+02
1.006553207845117583e+02
9.891604274039610800e+01
9.709486961684834228e+01
9.520696919349320808e+01
9.326615670736876496e+01
9.128496485009715400e+01
8.927471539395521916e+01
8.724559143849734255e+01
8.520670944506422018e+01
8.316619036940844012e+01
8.113122934193084745e+01
7.910816335021131351e+01
7.710253668136353156e+01
7.511916372325060820e+01
7.316218898716685715e+01
7.123514420944525227e+01
6.934100240173668794e+01
6.748222882509281817e+01
6.566082891179726744e+01
6.387839315925403838e+01
6.213613896158751970e+01
6.043494962657396741e+01
5.877541050044635540e+01
5.715784240830188878e+01
5.558233252833479554e+01
5.404876275487354320e+01
5.255683572189652608e+01
5.110609863897575877e+01
4.969596505608992487e+01
4.832573458984222015e+01
4.699461093317796667e+01
4.570171807530672226e+01
4.444611496324031918e+01
4.322680872425767262e+01
4.204276647953333423e+01
4.089292590757870016e+01
3.977620468053606118e+01
3.869150884945339897e+01
3.763774016496329722e+01
3.661380262797881358e+01
3.561860813854440266e+01
3.465108143359500303e+01
3.371016438218714484e+01
3.279481962436775433e+01
3.190403366332469304e+01
3.103681949189750355e+01
3.019221877962259981e+01
2.936930356935215869e+01
2.856717773143514449e+01
2.778497801175381454e+01
2.702187482050236156e+01
2.627707279409532148e+01
2.554981108925818489e+01
2.483936348317994103e+01
2.414503833024432566e+01
2.346617837420215125e+01
2.280216034560136862e+01
2.215239455398483059e+01
2.151632430626381165e+01
2.089342526527392607e+01
2.028320476054126331e+01
1.968520100387692651e+01
1.909898225949927664e+01
1.852414600176492954e+01
1.796031804703337542e+01
1.740715159020270164e+01
1.686432631693793738e+01
1.633154743935527264e+01
1.580854474451907699e+01
1.529507165654741030e+01
1.479090426997658092e+01
1.429584038889387543e+01
1.380969859411019129e+01
1.333231732024282401e+01
1.286355388774539144e+01
1.240328361661389600e+01
1.195139890463015142e+01
1.150780833369003275e+01
1.107243579874405981e+01
1.064521963123856096e+01
1.022611173679816332e+01
9.815076763713461716e+00
9.412091284320151630e+00
9.017142949830898147e+00
8.630229709071041810e+00
8.251359004451183310e+00
7.880546989631636912e+00
7.517817763303594525e+00
7.163202598820869405e+00
6.816739183524571644e+00
6.478470876440827197e+00
6.148445970198216592e+00
5.826716934111664692e+00
5.513339693495855620e+00
5.208372890017003876e+00
4.911877150121653379e+00
4.623914356871790865e+00
4.344546912631857438e+00
4.073837001263735935e+00
3.811845852442016458e+00
3.558632998762172317e+00
3.314255514975743555e+00
3.078767265090148086e+00
2.852218132301425069e+00
2.634653239021266025e+00
2.426112156265380904e+00
2.226628097697370023e+00
2.036227100291194692e+00
1.854927190162068529e+00
1.682737528512139979e+00
1.519657537937043390e+00
1.365676011464574513e+00
1.220770197661654510e+00
1.084904862508780266e+00
9.580313266164863784e-01
8.400864757097739055e-01
7.309917450385313709e-01
6.306520723045507815e-01
5.389548193745383742e-01
4.557686645838472383e-01
3.809424586471081842e-01
3.143040451265255997e-01
2.556590448446167674e-01
2.047896001144862699e-01
1.614530800690200663e-01
1.253807444311095254e-01
9.627635916433677221e-02
7.381477338318029324e-02
5.764044435256034105e-02
4.736591684249207013e-02
4.257024828456505011e-02
4.279738627755182157e-02
4.755448832185191904e-02
5.631018975166461604e-02
6.849281098008598578e-02
8.348850081938653800e-02
1.006393382671647713e-01
1.192413442228645315e-01
1.385424508253992604e-01
1.577403902133687197e-01
1.759805252679471077e-01
1.923536035769153330e-01
2.058934467730677009e-01
2.155745560426447216e-01
2.203096396050057693e-01
2.189471055484353279e-01
2.102684046204927049e-01
1.929853519687650953e-01
1.657373368529558577e-01
1.270884663802060999e-01
7.552460853018119757e-02
9.450367477240893821e-03
-7.281405200296249547e-02
-1.730360749156231726e-01
-2.930739896685913837e-01
-4.348804190568194006e-01
-6.005057659630270717e-01
-7.921018068694124503e-01
-1.011925350000175028e+00
-1.262342016650829235e+00
-1.545830082831364916e+00
-1.864984459237411629e+00
-2.222520768949138859e+00
-2.621279375722379346e+00
-3.064229758954390093e+00
-3.554474776527645652e+00
-4.095255110617320504e+00
-4.689953761678731681e+00
-5.342100674846919084e+00
-6.055377398094387686e+00
-6.833621897281309643e+00
-7.680833446838077450e+00
-8.601177379838441439e+00
-9.598990310323316066e+00
-1.067878509450388158e+01
-1.184525600115762067e+01
-1.310328387560059760e+01
-1.445794141687627032e+01
-1.591449841917096997e+01
-1.747842716359373938e+01
-1.915540780966676593e+01
-2.095133349281230650e+01
-2.287231602221431714e+01
-2.492469107757552038e+01
-2.711502359527024097e+01
-2.945011303067597908e+01
-3.193699867230927225e+01
-3.458296475394081426e+01
-3.739554566833130878e+01
-4.038253101133428657e+01
-4.355197007544467880e+01
-4.691217703608310075e+01
-5.047173525739086131e+01
-5.423950168386394921e+01
-5.822461088311968069e+01
-6.243647895148230020e+01
-6.688480696876835907e+01
-7.157958434641280121e+01
-7.653109167839630800e+01
-8.174990267122940679e+01
-8.724688675294675022e+01
-9.303321016432528268e+01
-9.912033688603199266e+01
-1.055200288543361609e+02
-1.122443456654055325e+02
-1.193056432890214467e+02
-1.267165722982758211e+02
-1.344900751230434537e+02
-1.426393816622697841e+02
-1.511780053518444618e+02
-1.601197367685897461e+02
-1.694786367293066576e+02
-1.792690277830753303e+02
-1.895054845680490985e+02
-2.002028224535014829e+02
-2.113760848501829912e+02
-2.230405287225579798e+02
-2.352116074114505011e+02
-2.479049532144512398e+02
-2.611363564554541199e+02
-2.749217426977797913e+02
-2.892771475587770738e+02
-3.042186891971008436e+02
-3.197625374437245682e+02
-3.359248809930790003e+02
-3.527218907987748935e+02
-3.701696793779748873e+02
-3.882842591246408688e+02
-4.070814944077486643e+02
-4.265770509580348744e+02
-4.467863407993457372e+02
-4.677244632026921067e+02
-4.894061400415446315e+02
-5.118456477650677243e+02
-5.350567430572186822e+02
-5.590525822602483004e+02
-5.838456381988279418e+02
-6.094476076622244136e+02
-6.358693142276683830e+02
-6.631206045091397527e+02
-6.912102366552323929e+02
-7.201457624723814206e+02
-7.499334021901523784e+02
-7.805779102345485398e+02
-8.120824334311819257e+02
-8.444483619248265995e+02
-8.776751695965909903e+02
-9.117602467969236386e+02
-9.466987227637125670e+02
-9.824832800046209513e+02
-1.019103957866236215e+03
-1.056547947840216693e+03
-1.094799377300455035e+03
-1.133839084896537315e+03
-1.173644386749961768e+03
-1.214188831985814886e+03
-1.255441950689350051e+03
-1.297368991859782454e+03
-1.339930655681137296e+03
-1.383082817249607842e+03
-1.426776246050339068e+03
-1.470956320351974455e+03
-1.515562738282186274e+03
-1.560529231262160692e+03
-1.605783276621801633e+03
-1.651245816596896020e+03
-1.696830985601032580e+03
-1.742445849484272003e+03
-1.787990161981980236e+03
-1.833356143001251894e+03
-1.878428283674400291e+03
-1.923083186304529818e+03
-1.967189446742937662e+03
-2.010607582420690278e+03
-2.053190023351223317e+03
-2.094781165719158253e+03
-2.135217504783867753e+03
-2.174327857805365056e+03
-2.211933680261735390e+03
-2.247849498802514972e+03
-2.281883464060434108e+03
-2.313838034686779793e+03
-2.343510816146149409e+03
-2.370695544438102388e+03
-2.395183242863002306e+03
-2.416763555954134517e+03
-2.435226252138363179e+03
-2.450362927652457074e+03
-2.461968884854301905e+03
-2.469845193409622425e+03
-2.473800941113379395e+03
-2.473655628563763912e+03
-2.469241724188731041e+03
-2.460407336458318696e+03
-2.447018985738895026e+03
-2.428964413386439446e+03
-2.406155428906958605e+03
-2.378530700815499586e+03
-2.346058453803211250e+03
-2.308739025066179238e+03
-2.266607171167004708e+03
-2.219734098718863606e+03
-2.168229125889034094e+03
-2.112240892096467633e+03
-2.051958082104448295e+03
-1.987609562195718354e+03
-1.919463895549094786e+03
-1.847828192620030222e+03
-1.773046247782116097e+03
-1.695495970910042161e+03
-1.615586100680401159e+03
-1.533752230507540389e+03
-1.450452192287533080e+03
-1.366160858001910583e+03
-1.281364449736378447e+03
-1.196554465335317218e+03
-1.112221329302640243e+03
-1.028847920076781293e+03
-9.469031061742235806e+02
-8.668354402486951358e+02
-7.890671756368905108e+02
-7.139887205691824192e+02
-6.419536801875019592e+02
-5.732745770030868471e+02
-5.082192932313276401e+02
-4.470082753616949844e+02
-3.898124272407992521e+02
-3.367516447078485271e+02
-2.878940002785683987e+02
-2.432556696607165065e+02
-2.028019781896747702e+02
-1.664499919800360317e+02
-1.340729591236135150e+02
-1.055065410625426665e+02
-8.055623729222840268e+01
-5.900523421927685064e+01
-4.062191351916060000e+01
-2.516623144033465209e+01
-1.239375194855286288e+01
-2.055435093698415816e+00
6.107714026801116525e+00
1.236977920851038526e+01
1.700910238103186600e+01
2.026959537906827435e+01
2.232166422714803744e+01
2.327849366890002969e+01
2.326346248025218344e+01
2.245287066039226431e+01
2.105760197761589581e+01
1.928125041510547177e+01
1.729403056198783162e+01
1.522729810015288976e+01
1.317804324907021929e+01
1.121539822919838336e+01
9.386359980038450956e+00
7.720404277004248250e+00
6.233261852206235965e+00
4.930091454127981443e+00
3.808170206168356220e+00
2.859154304166148020e+00
2.070934403571302873e+00
1.429111501018814456e+00
9.181280579693776867e-01
5.221018206695254849e-01
2.254227921590971628e-01
1.318194885736796371e-02
-1.284913560356765738e-01
-2.121044041884074249e-01
-2.484357780408894545e-01
-2.461892639610266664e-01
-2.119578003461989324e-01
-1.507992660890844772e-01
-6.661464520545509749e-02
