5.583491771815870868e-04
2.658608390193353127e-02
5.755821975075908065e-02
9.422376511177822656e-02
1.375759436881036912e-01
1.887729840402378456e-01
2.491108811712009485e-01
3.200267111390335262e-01
4.031120178640950069e-01
5.001252519209327119e-01
6.129985286432672043e-01
7.438365504028987552e-01
8.949059609390974668e-01
1.068613124988138097e+00
1.267468347811403939e+00
1.494035319420619512e+00
1.750865975884410952e+00
2.040422376632668122e+00
2.364988283517088785e+00
2.726574080881561724e+00
3.126820487118890490e+00
3.566910035986916583e+00
4.047500775688141594e+00
4.568703080265506422e+00
5.130125362955358703e+00
5.731012994774997260e+00
6.370490096129122648e+00
7.047879059536292345e+00
7.763018375001162319e+00
8.516442866762782060e+00
9.309279869669000007e+00
1.014281664762404667e+01
1.101786608981385385e+01
1.193415108921372436e+01
1.288988672826676130e+01
1.388160897809921757e+01
1.490419158131412658e+01
1.595096046846117588e+01
1.701383990166516114e+01
1.808350792000045004e+01
1.914957248633180953e+01
2.020079174559888102e+01
2.122535110489760157e+01
2.221118322315464511e+01
2.314628991061710295e+01
2.401901611919108959e+01
2.481824463273765602e+01
2.553351391779293422e+01
2.615508843029232366e+01
2.667401656212150485e+01
2.708219975768702525e+01
2.737247962886826969e+01
2.753873760173432217e+01
2.757599662618519432e+01
2.748051448215486658e+01
2.724986069151563584e+01
2.688297180356975602e+01
2.638018215427398161e+01
2.574322889546566984e+01
2.497523128127105352e+01
2.408064507781816133e+01
2.306519360684548658e+01
2.193577750087147038e+01
2.070036567967632379e+01
1.936787044575994443e+01
1.794800988037657774e+01
1.645116091805962810e+01
1.488820656633195405e+01
1.327038072085121101e+01
1.160911390436746160e+01
9.915883043592121027e+00
8.202068094539164633e+00
6.478817972514483436e+00
4.756927827948422838e+00
3.046729280456532241e+00
1.357994779826992904e+00
-3.001431710237461581e-01
-1.919257605474724571e+00
-3.491677548509350970e+00
-5.010523725210996204e+00
-6.469730200472133319e+00
-7.864052860846920900e+00
-9.189065839940292690e+00
-1.044114712115797339e+01
-1.161745464047377041e+01
-1.271589425633474590e+01
-1.373508095919441452e+01
-1.467429466330311350e+01
-1.553343187173798690e+01
-1.631295442158447884e+01
-1.701383642546846531e+01
-1.763751041663843466e+01
-1.818581359153928290e+01
-1.866093492535411968e+01
-1.906536381974003902e+01
-1.940184082837172141e+01
-1.967331089516191867e+01
-1.988287944319968759e+01
-2.003377155369638274e+01
-2.012929439527133013e+01
-2.017280298721663456e+01
-2.016766931745468128e+01
-2.011725477940082740e+01
-2.002488584748562417e+01
-1.989383287345539486e+01
-1.972729185551936126e+01
-1.952836901193380470e+01
-1.930006797286172215e+01
-1.904527939548382776e+01
-1.876677280189541364e+01
-1.846719043793533288e+01
-1.814904295338834217e+01
-1.781470670928215583e+01
-1.746642252532694783e+01
-1.710629568921950394e+01
-1.673629706030788000e+01
-1.635826511095127600e+01
-1.597390876041367669e+01
-1.558481086820821027e+01
-1.519243226574085703e+01
-1.479811621616451944e+01
-1.440309320438224994e+01
-1.400848596931222900e+01
-1.361531470110860020e+01
-1.322450233519229101e+01
-1.283687988466282981e+01
-1.245319175996264960e+01
-1.207410103285894465e+01
-1.170019460858586946e+01
-1.133198827584625334e+01
-1.096993161063576494e+01
-1.061441271398628139e+01
-1.026576276925153586e+01
-9.924260406847093208e+00
-9.590135869758396936e+00
-9.263574974277686280e+00
-8.944722864091078307e+00
-8.633687557431180437e+00
-8.330543289154030973e+00
-8.035333650992734889e+00
-7.748074534315947837e+00
-7.468756881374517320e+00
-7.197349250573352286e+00
-6.933800203500479320e+00
-6.678040520626566057e+00
-6.429985253540245971e+00
-6.189535621445679148e+00
-5.956580760086871429e+00
-5.730999331013434173e+00
-5.512660998919638899e+00
-5.301427785353945765e+00
-5.097155305571757111e+00
-4.899693896689922390e+00
-4.708889643965597394e+00
-4.524585312056792041e+00
-4.346621187800273844e+00
-4.174835840955275046e+00
-4.009066808864893083e+00
-3.849151210457760541e+00
-3.694926295577740216e+00
-3.546229933791182898e+00
-3.402901048241566251e+00
-3.264779998747074696e+00
-3.131708918306938649e+00
-3.003532006818026456e+00
-2.880095785966014343e+00
-2.761249318576568079e+00
-2.646844395381973580e+00
-2.536735692767976502e+00
-2.430780903332960374e+00
-2.328840842539261935e+00
-2.230779533608286069e+00
-2.136464272717435442e+00
-2.045765676343734629e+00
-1.958557712975613319e+00
-1.874717720676969179e+00
-1.794126411852666525e+00
-1.716667867237938960e+00
-1.642229519521145820e+00
-1.570702128493366878e+00
-1.501979748679968640e+00
-1.435959690301414682e+00
-1.372542474263357626e+00
-1.311631782476011532e+00
-1.253134403985941558e+00
-1.196960177393638691e+00
-1.143021930762107452e+00
-1.091235418708257354e+00
-1.041519257824956579e+00
-9.937948607930643385e-01
-9.479863694293819698e-01
-9.040205867836086373e-01
-8.618269091587874575e-01
-8.213372580251809829e-01
-7.824860119042614803e-01
-7.452099390154077740e-01
-7.094481300728701090e-01
-6.751419320043691163e-01
-6.422348826958512724e-01
-6.106726467314850249e-01
-5.804029519647269098e-01
-5.513755276396228311e-01
-5.235420437482360967e-01
-4.968560516335326360e-01
-4.712729262987452872e-01
-4.467498098404092954e-01
-4.232455565146946430e-01
-4.007206794735344579e-01
-3.791372990344506477e-01
-3.584590921848376799e-01
-3.386512439990084222e-01
-3.196804005468398269e-01
-3.015146232483009170e-01
-2.841233450378975456e-01
-2.674773277783433212e-01
-2.515486213065816212e-01
-2.363105241360351494e-01
-2.217375456625778896e-01
-2.078053695117477451e-01
-1.944908187028817625e-01
-1.817718221691777825e-01
-1.696273825854924810e-01
-1.580375458041232140e-01
-1.469833714221770726e-01
-1.364469047538003910e-01
-1.264111502553992017e-01
-1.168600462791565819e-01
-1.077784407457629684e-01
-9.915206839449736131e-02
-9.096752925598799999e-02
-8.321226820149180137e-02
-7.587455577284840658e-02
-6.894347009991723396e-02
-6.240887996801809667e-02
-5.626142909706109696e-02
-5.049252158857128747e-02
-4.509430812164456903e-02
-4.005967353657921559e-02
-3.538222544918805806e-02
-3.105628380049432410e-02
-2.707687148237968716e-02
-2.343970597731983782e-02
-2.014119196384523899e-02
-1.717841496495292955e-02
-1.454913606782346804e-02
-1.225178729570927313e-02
-1.028546824126400951e-02
-8.649943619971537864e-03
-7.345641640773750008e-03
-6.373653386186374503e-03
-5.735733163762632598e-03
-5.434299738455073206e-03
-5.472438461850248625e-03
-5.853904485223338991e-03
-6.583126623074657749e-03
-7.665212320477320269e-03
-9.105953616092914496e-03
-1.091183378163731489e-02
-1.309003499321834997e-02
-1.564844699735254072e-02
-1.859567662918407832e-02
-2.194105811600752937e-02
-2.569466452394490036e-02
-2.986731992551705864e-02
-3.447061256310841176e-02
-3.951690906467213854e-02
-4.501936927212814299e-02
-5.099196214032879204e-02
-5.744948267911345607e-02
-6.440756974585847006e-02
-7.188272449520216600e-02
-7.989233003847887038e-02
-8.845467190284782288e-02
-9.758895942148078373e-02
-1.073153481168904883e-01
-1.176549625911477714e-01
-1.286299206489346092e-01
-1.402633582884894314e-01
-1.525794555998754298e-01
-1.656034630708690947e-01
-1.793617290327800262e-01
-1.938817280782365593e-01
-2.091920899555767821e-01
-2.253226295474852481e-01
-2.423043769822351423e-01
-2.601696089260392974e-01
-2.789518805053401440e-01
-2.986860579532453208e-01
-3.194083511725959723e-01
-3.411563471444056805e-01
-3.639690442211518384e-01
-3.878868862133512674e-01
-4.129517972116776292e-01
-4.392072158606094567e-01
-4.666981304635112737e-01
-4.954711139560482036e-01
-5.255743590671939636e-01
-5.570577123327409286e-01
-5.899727081479416713e-01
-6.243726031267219367e-01
-6.603124088646427081e-01
-6.978489244588180762e-01
-7.370407670349309326e-01
-7.779484020373998998e-01
-8.206341717507255051e-01
-8.651623226503271091e-01
-9.115990294504288105e-01
-9.600124173678040718e-01
-1.010472583153939619e+00
-1.063051611845658773e+00
-1.117823590964586833e+00
-1.174864619951307976e+00
-1.234252817000271563e+00
-1.296068320693612108e+00
-1.360393287612215119e+00
-1.427311882684222155e+00
-1.496910263990748780e+00
-1.569276562925477680e+00
-1.644500855214152013e+00
-1.722675124785425949e+00
-1.803893217743526733e+00
-1.888250788899195953e+00
-1.975845236950273032e+00
-2.066775629995062147e+00
-2.161142616650545190e+00
-2.259048325018856662e+00
-2.360596250340377011e+00
-2.465891124714331362e+00
-2.575038771578553654e+00
-2.688145941659468630e+00
-2.805320132549267154e+00
-2.926669385969068227e+00
-3.052302065874361148e+00
-3.182326610741177397e+00
-3.316851261747007396e+00
-3.455983768102524500e+00
-3.599831060981088182e+00
-3.748498899057851830e+00
-3.902091480714063199e+00
-4.060711025552009801e+00
-4.224457317680792912e+00
-4.393427214290259286e+00
-4.567714110788221760e+00
-4.747407364503024141e+00
-4.932591678106055255e+00
-5.123346432719465326e+00
-5.319744972462769006e+00
-5.521853836581442465e+00
-5.729731941710074494e+00
-5.943429702910568935e+00
-6.162988101948358555e+00
-6.388437689271074582e+00
-6.619797523225968483e+00
-6.857074050373044294e+00
-7.100259912087222958e+00
-7.349332683215987316e+00
-7.604253539284656860e+00
-7.864965855134464334e+00
-8.131393723136499219e+00
-8.403440404899352956e+00
-8.680986701457889865e+00
-8.963889248079469851e+00
-9.251978743202263544e+00
-9.545058095928338204e+00
-9.842900503195133766e+00
-1.014524745938965289e+01
-1.045180670291043512e+01
-1.076225009653299480e+01
-1.107621146094270692e+01
-1.139328435180176413e+01
-1.171301979942427884e+01
-1.203492402490709345e+01
-1.235845613116543973e+01
-1.268302579009070286e+01
-1.300799093994322853e+01
-1.333265551682285377e+01
-1.365626722459421671e+01
-1.397801538501160934e+01
-1.429702887576050507e+01
-1.461237419346843502e+01
-1.492305367825260731e+01
-1.522800391974518774e+01
-1.552609439041742867e+01
-1.581612634612646850e+01
-1.609683204351108543e+01
-1.636687430750897221e+01
-1.662484651805196734e+01
-1.686927305704273650e+01
-1.709861027530335775e+01
-1.731124805629092123e+01
-1.750551201990653638e+01
-1.767966644038478208e+01
-1.783191795333398488e+01
-1.796042011769446134e+01
-1.806327889541092802e+01
-1.813855913420824351e+01
-1.818429210813042474e+01
-1.819848418758468256e+01
-1.817912671108843981e+01
-1.812420709572396760e+01
-1.803172124743404936e+01
-1.789968730828070420e+01
-1.772616076822763631e+01
-1.750925095086272520e+01
-1.724713887000441659e+01
-1.693809643690613242e+01
-1.658050696619649500e+01
-1.617288691292249680e+01
-1.571390874016980277e+01
-1.520242477090124922e+01
-1.463749187090693660e+01
-1.401839676963715853e+01
-1.334468174472651114e+01
-1.261617042554167512e+01
-1.183299337028603659e+01
-1.099561304857906485e+01
-1.010484786034684923e+01
-9.161894696362578472e+00
-8.168349603553110683e+00
-7.126226041911561282e+00
-6.037970203292519322e+00
-4.906472830107325045e+00
-3.735077022154074999e+00
-2.527581463842930809e+00
-1.288238535614935953e+00
-2.174687156482011871e-02
1.266762142388212053e+00
2.571744249656638726e+00
3.887268878982248044e+00
5.207052592700709859e+00
6.524499432860815240e+00
7.832748170214937744e+00
9.124726207313599957e+00
1.039320976411454645e+01
1.163088985155324551e+01
1.283044330576562331e+01
1.398460805164567944e+01
1.508626160621435197e+01
1.612850167043083616e+01
1.710472756909115688e+01
1.800872121756011879e+01
1.883472619511229240e+01
1.957752352765614035e+01
2.023250276439767958e+01
2.079572699420497983e+01
2.126399055777792668e+01
2.163486832747560484e+01
2.190675564887174076e+01
2.207889818737879040e+01
2.215141120559355059e+01
2.212528799194129903e+01
2.200239719516089210e+01
2.178546881231677546e+01
2.147806815533900604e+01
2.108455641575628547e+01
2.061003593586804428e+01
2.006027805318836954e+01
1.944163276680921726e+01
1.876092265450823504e+01
1.802532762374854869e+01
1.724227084607566240e+01
1.641931725174711687e+01
1.556409422938313902e+01
1.468424055156549635e+01
1.378738350372337962e+01
1.288113087525774603e+01
1.197303610273401020e+01
1.107045469918389990e+01
1.018020909614098457e+01
9.308129417873953315e+00
8.458854953442802582e+00
7.636357243753951529e+00
6.844963249133444450e+00
6.089857226572665816e+00
5.376488494517865924e+00
4.709506150258926382e+00
4.092080673024839577e+00
3.525811773631495782e+00
3.010962519458602049e+00
2.546762787212545120e+00
2.131671512826317283e+00
1.763580516254857677e+00
1.439972339675224866e+00
1.158045884280581861e+00
9.148187110994345783e-01
7.072108445987941305e-01
5.321127264796094991e-01
3.864391436868228058e-01
2.671709023120004134e-01
1.713863546660415182e-01
9.628543204015595214e-02
3.920944425228267693e-02
-2.339444499327348551e-03
-3.067465612271770212e-02
-4.789350595862170573e-02
-5.583628589866516945e-02
-5.604331281348447213e-02
-4.973025625840206410e-02
-3.780530319185965160e-02
-2.091494064467595143e-02
