-1.272220774768076802e-04
3.269827412400441724e-02
7.394416301344140796e-02
1.250403966904590214e-01
1.879961288764066263e-01
2.652476399250847661e-01
3.596179151949679964e-01
4.743329481902074929e-01
6.130426400878294935e-01
7.798218796990827872e-01
9.791392900926032539e-01
1.215782961722418731e+00
1.494733888806811350e+00
1.820983684107845724e+00
2.199301515056339973e+00
2.633962231728479431e+00
3.128454563158232116e+00
3.685202077070406812e+00
4.305356306562321045e+00
4.988757130329290135e+00
5.734179339334712466e+00
6.539952266464786668e+00
7.404890618613038988e+00
8.329188813166609862e+00
9.314640444090416693e+00
1.036369883901554978e+01
1.147766085627162802e+01
1.265489933992467897e+01
1.388987466874056942e+01
1.517297339726018457e+01
1.649080960723753009e+01
1.782666976559450944e+01
1.916101007351319652e+01
2.047207779478969059e+01
2.173673266027688555e+01
2.293141736917367624e+01
2.403308567160645381e+01
2.501988852520721807e+01
2.587156908648379527e+01
2.656967958490229975e+01
2.709777176181507130e+01
2.744164236550880531e+01
2.758963077854124535e+01
2.753292444165667163e+01
2.726582489264844256e+01
2.678594126808238585e+01
2.609429322636213655e+01
2.519531620321250998e+01
2.409676936892346788e+01
2.280955150940802767e+01
2.134743369741794439e+01
1.972672048061484773e+01
1.796585351851497592e+01
1.608497319530027525e+01
1.410545457588166585e+01
1.204943413285019460e+01
9.939342955884519881e+00
7.797460749311268202e+00
5.645502966795318045e+00
3.504251062853579679e+00
1.393233295847332576e+00
-6.695391243409593018e-01
-2.667778242073945982e+00
-4.587067921241402502e+00
-6.414956774708674203e+00
-8.140999095961863219e+00
-9.756748702840519982e+00
-1.125571147653147541e+01
-1.263326292325994693e+01
-1.388653728032108781e+01
-1.501429462871553966e+01
-1.601677219423719478e+01
-1.689552553541357582e+01
-1.765326475939909656e+01
-1.829369022943915724e+01
-1.882133154233005001e+01
-1.924139286253518577e+01
-1.955960701355797227e+01
-1.978210012349541813e+01
-1.991526803227506193e+01
-1.996566518509951749e+01
-1.993990630397109598e+01
-1.984458076590490094e+01
-1.968617934064578279e+01
-1.947103270879380332e+01
-1.920526102019665871e+01
-1.889473363712750498e+01
-1.854503813991386352e+01
-1.816145763749171849e+01
-1.774895542370860468e+01
-1.731216604495892142e+01
-1.685539187950109863e+01
-1.638260438689856002e+01
-1.589744924606209864e+01
-1.540325466720608993e+01
-1.490304223671977901e+01
-1.439953971837321411e+01
-1.389519531110718376e+01
-1.339219292212734658e+01
-1.289246807775242409e+01
-1.239772415671858319e+01
-1.190944867358776804e+01
-1.142892939644768013e+01
-1.095727011922819472e+01
-1.049540594688348527e+01
-1.004411798778459364e+01
-9.604047371535372690e+00
-9.175708535598898763e+00
-8.759501747651219361e+00
-8.355724841258213687e+00
-7.964584163737425726e+00
-7.586204741644777094e+00
-7.220639678395844641e+00
-6.867878810226257791e+00
-6.527856645987821338e+00
-6.200459625341991021e+00
-5.885532730076755037e+00
-5.582885483950394523e+00
-5.292297382072181477e+00
-5.013522784492367101e+00
-4.746295313362329793e+00
-4.490331790992692085e+00
-4.245335752234209892e+00
-4.011000567146589368e+00
-3.787012207178414691e+00
-3.573051682789917027e+00
-3.368797185135561811e+00
-3.173925956317832586e+00
-2.988115915797498801e+00
-2.811047065451514726e+00
-2.642402694021094955e+00
-2.481870405089260156e+00
-2.329142982768598102e+00
-2.183919114171305687e+00
-2.045903985797173696e+00
-1.914809764551999027e+00
-1.790355979483410298e+00
-1.672269814731089266e+00
-1.560286324137117875e+00
-1.454148577761977146e+00
-1.353607748429951574e+00
-1.258423147255939289e+00
-1.168362213863145982e+00
-1.083200466921409255e+00
-1.002721424426963992e+00
-9.267164940845415977e-01
-8.549848402054093244e-01
-7.873332331951967689e-01
-7.235758808986967328e-01
-6.635342481258308389e-01
-6.070368662646326019e-01
-5.539191349515378837e-01
-5.040231186092257731e-01
-4.571973376065909811e-01
-4.132965597796360302e-01
-3.721815898651950616e-01
-3.337190583145963063e-01
-2.977812138596881431e-01
-2.642457168469148354e-01
-2.329954350035026711e-01
-2.039182451121244466e-01
-1.769068367919494345e-01
-1.518585213505746212e-01
-1.286750456962611755e-01
-1.072624120377679707e-01
-8.753070212755517665e-02
-6.939390607093832986e-02
-5.276975925736680090e-02
-3.757958340653747703e-02
-2.374813232735425300e-02
-1.120344576129417118e-02
1.232927211934187845e-04
1.029789234653026228e-02
1.938328504774550209e-02
2.743965061806594857e-02
3.452453691959951609e-02
4.069297406573856024e-02
4.599758307595250978e-02
5.048868027745111869e-02
5.421437730684399575e-02
5.722067436167403709e-02
5.955154965206023443e-02
6.124904539076814203e-02
6.235334724093222897e-02
6.290286023387454961e-02
6.293428117193287930e-02
6.248266555886318463e-02
6.158149065183402687e-02
6.026271501386941398e-02
5.855683436392025709e-02
5.649293253049025854e-02
5.409872863484157385e-02
5.140062222968521527e-02
4.842373324540274332e-02
4.519193799328384553e-02
4.172790342896825350e-02
3.805311673504370440e-02
3.418791072710537088e-02
3.015148792754851134e-02
2.596193949932463357e-02
2.163626135017944832e-02
1.719036711826232508e-02
1.263909769700447862e-02
7.996228088295457073e-03
3.274468816753445689e-03
-1.514533371374963966e-03
-6.360198448329706759e-03
-1.125302206627891086e-02
-1.618458436488889526e-02
-2.114756356900830345e-02
-2.613575409761640170e-02
-3.114408583395499377e-02
-3.616864851048578328e-02
-4.120671832443326132e-02
-4.625678897375633952e-02
-5.131860632210035605e-02
-5.639320373944707587e-02
-6.148294598905936631e-02
-6.659157321267415719e-02
-7.172424647826304567e-02
-7.688760318008860950e-02
-8.208981084092972780e-02
-8.734062516689923561e-02
-9.265145422711935919e-02
-9.803542308528730154e-02
-1.035074454826564183e-01
-1.090842940982537368e-01
-1.147846800367988279e-01
-1.206293326133074939e-01
-1.266410795591612071e-01
-1.328449377139588883e-01
-1.392682032130824754e-01
-1.459405387206116622e-01
-1.528940746989217170e-01
-1.601635063063260311e-01
-1.677861933371543879e-01
-1.758022607933983628e-01
-1.842547059758262162e-01
-1.931895063849959071e-01
-2.026557186633220764e-01
-2.127055929301558401e-01
-2.233946797808205043e-01
-2.347819288348774736e-01
-2.469298013468356756e-01
-2.599043721551624331e-01
-2.737754232419675193e-01
-2.886165438418384910e-01
-3.045052219719115438e-01
-3.215229256848960437e-01
-3.397551752199059472e-01
-3.592916156216161006e-01
-3.802260747074703851e-01
-4.026565953320965785e-01
-4.266854729652543310e-01
-4.524192705375916779e-01
-4.799687957861600851e-01
-5.094490844693357889e-01
-5.409793465835999182e-01
-5.746828755259929533e-01
-6.106869405483478230e-01
-6.491226359476589547e-01
-6.901247014629350307e-01
-7.338312811932892199e-01
-7.803836527559794289e-01
-8.299259015983109222e-01
-8.826045186646014340e-01
-9.385679598077573127e-01
-9.979661306900692308e-01
-1.060949769318259017e+00
-1.127669778080284457e+00
-1.198276457735594436e+00
-1.272918629629367970e+00
-1.351742650240024934e+00
-1.434891337203908046e+00
-1.522502755456091261e+00
-1.614708849307342931e+00
-1.711633964446898526e+00
-1.813393216127795915e+00
-1.920090652994050240e+00
-2.031817294146712527e+00
-2.148648976122740528e+00
-2.270643967489660131e+00
-2.397840418783883543e+00
-2.530253602206868457e+00
-2.667872894930223282e+00
-2.810658538574526855e+00
-2.958538191975245368e+00
-3.111403222835845028e+00
-3.269104715419204332e+00
-3.431449274112382763e+00
-3.598194576017066382e+00
-3.769044629857486228e+00
-3.943644832126599997e+00
-4.121576819648207213e+00
-4.302353037846959438e+00
-4.485411178879330052e+00
-4.670108439897695973e+00
-4.855715677711833322e+00
-5.041411438757302577e+00
-5.226275995297429589e+00
-5.409285453720062087e+00
-5.589305916834694798e+00
-5.765087890737466303e+00
-5.935261043511800949e+00
-6.098329321202174746e+00
-6.252666684926317942e+00
-6.396513592421769090e+00
-6.527974337511857961e+00
-6.645015465265980303e+00
-6.745465559365393382e+00
-6.827016516394896151e+00
-6.887226578611437944e+00
-6.923525422254260597e+00
-6.933221627019632294e+00
-6.913512662918912532e+00
-6.861497840323168340e+00
-6.774194509684466681e+00
-6.648557704897059217e+00
-6.481503627700685222e+00
-6.269937221332736677e+00
-6.010784020489407631e+00
-5.701026470615397024e+00
-5.337744929273099181e+00
-4.918163312454965741e+00
-4.439699329453621779e+00
-3.900019230410090909e+00
-3.297096751119163116e+00
-2.629275701394813147e+00
-1.895335762597342821e+00
-1.094560521867480984e+00
-2.268068000315055510e-01
7.074260225918166389e-01
1.706928057269157417e+00
2.769714147351861389e+00
3.892964131354303969e+00
5.072970180598063372e+00
6.305093629596467686e+00
7.583733367904795131e+00
8.902308545750658553e+00
1.025325773033976340e+01
1.162805681700007199e+01
1.301725771986125579e+01
1.441054970773000043e+01
1.579684416995288565e+01
1.716438387762228146e+01
1.850087650826365504e+01
1.979365153088166096e+01
2.102983875686813420e+01
2.219656602961221381e+01
2.328117247635554321e+01
2.427143280712277829e+01
2.515578771037437988e+01
2.592357451806953605e+01
2.656525178307127177e+01
2.707261167095192533e+01
2.743897364261843208e+01
2.765935347327682692e+01
2.773060244242173056e+01
2.765151213016697085e+01
2.742288186899613223e+01
2.704754666780129924e+01
2.653036503264873858e+01
2.587816516808581468e+01
2.509964711220585443e+01
2.420523411808563097e+01
2.320686432800816590e+01
2.211771760999613790e+01
2.095188871533498087e+01
1.972404000817665448e+01
1.844908511608627677e+01
1.714195142322352794e+01
1.581745074288242670e+01
1.449024593271975014e+01
1.317479492389326801e+01
1.188495727659422485e+01
1.063293971749837752e+01
9.428174053273936650e+00
8.278063942193643499e+00
7.190759421790884787e+00
6.176124792509631867e+00
5.243305157595293586e+00
4.398187045054024580e+00
3.642855276672648746e+00
2.976298586829043025e+00
2.395299811675031698e+00
1.895139006384462199e+00
1.470107798874705107e+00
1.113896128425637677e+00
8.198914812963825627e-01
5.814100779529433050e-01
3.918705476139043298e-01
2.449190186156450233e-01
1.345164310255687334e-01
5.500202314764069539e-02
1.150490879862178665e-03
-3.175751397011162408e-02
-4.783732502288131488e-02
-5.048804063858917945e-02
-4.232650256676744049e-02
-2.519459687906988599e-02
