-2.656982597638151648e-03
3.578385091246267819e-03
1.079443778981020209e-02
1.910925104180314846e-02
2.868092454134789360e-02
3.969175904661255416e-02
5.234156507685252396e-02
6.684616385406505490e-02
8.343746172465522914e-02
1.023632376825902857e-01
1.238858551691939258e-01
1.482795111469845384e-01
1.758257780379955670e-01
2.068073604053582426e-01
2.415002423758040306e-01
2.801646510227384090e-01
3.230354320368458709e-01
3.703126046239511027e-01
4.221532000058938472e-01
4.786660663880294431e-01
5.399119589545892106e-01
6.059113680217826925e-01
6.766612438776237193e-01
7.521582275141343032e-01
8.324207277452215781e-01
9.174987341483127334e-01
1.007463816986398975e+00
1.102381810650383098e+00
1.202279014958618220e+00
1.307112882753486582e+00
1.416752344774752759e+00
1.530967425768332557e+00
1.649425829043692504e+00
1.771694909560770803e+00
1.897248739253027727e+00
2.025480216286824398e+00
2.155717104828793751e+00
2.287239537262273803e+00
2.419296257902662006e+00
2.551118054724613060e+00
2.681928418076457543e+00
2.810952400034725240e+00
2.937424703276087623e+00
3.060597620089970050e+00
3.179749005104932191e+00
3.294190185899505519e+00
3.403273594629498078e+00
3.506399881736007806e+00
3.603024297356463013e+00
3.692662167003009976e+00
3.774893332022990933e+00
3.849365467826840526e+00
3.915796232916350927e+00
3.973974239308422973e+00
4.023758869776828284e+00
4.065078998810919053e+00
4.097930701538821552e+00
4.122374057293495042e+00
4.138529171478610102e+00
4.146571550678905815e+00
4.146726971633740710e+00
4.139265985150358595e+00
4.124498191869981234e+00
4.102766418772220369e+00
4.074440914226973298e+00
4.039913666119574032e+00
3.999592932887086061e+00
3.953898061927477503e+00
3.903254654441262073e+00
3.848090120835008676e+00
3.788829656810833946e+00
3.725892657459226154e+00
3.659689575302041753e+00
3.590619218415760372e+00
3.519066476522951792e+00
3.445400456278326917e+00
3.369973001784043021e+00
3.293117572580275265e+00
3.215148448805596360e+00
3.136360231760371153e+00
3.057027607594207552e+00
2.977405342098967012e+00
2.897728475493748679e+00
2.818212687476414846e+00
2.739054804586118497e+00
2.660433423939569053e+00
2.582509629588152222e+00
2.505427780011165062e+00
2.429316347531142561e+00
2.354288792684805287e+00
2.280444458732207913e+00
2.207869473536411498e+00
2.136637647955443864e+00
2.066811361645096046e+00
1.998442428787309266e+00
1.931572937696883541e+00
1.866236059559762683e+00
1.802456822693055960e+00
1.740252849713981975e+00
1.679635055874802996e+00
1.620608307548697669e+00
1.563172040487094128e+00
1.507320837983411099e+00
1.453044969508239692e+00
1.400330890733851641e+00
1.349161706132039562e+00
1.299517595547357907e+00
1.251376206303506100e+00
1.204713012507801384e+00
1.159501643295557827e+00
1.115714181786669146e+00
1.073321436541635032e+00
1.032293187288085612e+00
9.925984066582140830e-01
9.542054596333372496e-01
9.170822823305103677e-01
8.811965417050160454e-01
8.465157776682979973e-01
8.130075290451677095e-01
7.806394447181754792e-01
7.493793812250655328e-01
7.191954879995318128e-01
6.900562813658663863e-01
6.619307083229746258e-01
6.347882010796910279e-01
6.085987232331170338e-01
5.833328084135150915e-01
5.589615921558180878e-01
5.354568376963085852e-01
5.127909563361828793e-01
4.909370229603468028e-01
4.698687872481872585e-01
4.495606810676346377e-01
4.299878224987557229e-01
4.111260168934171566e-01
3.929517553400487251e-01
3.754422108668741265e-01
3.585752326864978246e-01
3.423293387539564359e-01
3.266837068840539593e-01
3.116181646494252111e-01
2.971131782568437463e-01
2.831498405797333584e-01
2.697098585059978793e-01
2.567755397421852548e-01
2.443297792003916169e-01
2.323560450791016530e-01
2.208383647374080050e-01
2.097613104498920467e-01
1.991099851184675029e-01
1.888700080089210087e-01
1.790275005704607403e-01
1.695690723893960028e-01
1.604818073213739316e-01
1.517532498395553486e-01
1.433713916315206283e-01
1.353246584718079126e-01
1.276018973932769029e-01
1.201923641766713818e-01
1.130857111733977460e-01
1.062719754740308192e-01
9.974156743265216729e-02
9.348525955368160167e-02
8.749417574714395129e-02
8.175978095521410638e-02
7.627387115192268974e-02
7.102856371646831812e-02
6.601628817897922663e-02
6.122977733756043012e-02
5.666205874323686220e-02
5.230644654950929867e-02
4.815653372278738686e-02
4.420618460852496212e-02
4.044952784874113888e-02
3.688094964549117755e-02
3.349508736441027257e-02
3.028682347308481876e-02
2.725127980821883192e-02
2.438381216606481591e-02
2.168000521005171780e-02
1.913566768959315198e-02
1.674682796483130051e-02
1.450972983116816106e-02
1.242082863828340711e-02
1.047678769844347796e-02
8.674474978213225426e-03
7.010960068938996981e-03
5.483511431183581836e-03
4.089593907972892926e-03
2.826866502798070467e-03
1.693180417411315440e-03
6.865773459858342306e-04
-1.947119789122606862e-04
-9.522689920588065611e-04
-1.587488256253219128e-03
-2.101578182037542805e-03
-2.495561509334862788e-03
-2.770275553587893402e-03
-2.926372220111899628e-03
-2.964317788639661989e-03
-2.884392471318937817e-03
-2.686689746132387563e-03
-2.371115468275542936e-03
-1.937386762001982055e-03
-1.385030694408175478e-03
-7.133827342813728279e-04
7.841500232751716717e-05
9.914157182311172066e-04
2.026870110070673990e-03
3.186228750352729754e-03
4.471144674475503906e-03
5.883476170057682676e-03
7.425289766904812939e-03
9.098863424574429870e-03
1.090668991520112908e-02
1.285148039836258270e-02
1.493616818483014565e-02
1.716391268663089442e-02
1.953810354891713161e-02
2.206236495941136383e-02
2.474056013181861677e-02
2.757679595702559189e-02
3.057542781766114937e-02
3.374106456006314286e-02
3.707857361575665062e-02
4.059308626617376403e-02
4.429000304149324080e-02
4.817499924608405204e-02
5.225403059967779346e-02
5.653333898292568077e-02
6.101945827648922599e-02
6.571922027920594489e-02
7.063976069194430329e-02
7.578852515214934416e-02
8.117327529938357655e-02
8.680209485392002822e-02
9.268339568846797882e-02
9.882592387061094052e-02
1.052387656508474156e-01
1.119313533689347967e-01
1.189134712496605906e-01
1.261952610575355904e-01
1.337872275758627272e-01
1.417002438738219627e-01
1.499455563194030117e-01
1.585347892946795678e-01
1.674799495697817664e-01
1.767934302825338588e-01
1.864880144705166609e-01
1.965768780952243389e-01
2.070735924941266015e-01
2.179921261955333756e-01
2.293468460212815530e-01
2.411525174006954320e-01
2.534243038080188914e-01
2.661777652316988929e-01
2.794288555857846190e-01
2.931939189536620916e-01
3.074896845566151837e-01
3.223332603271586994e-01
3.377421249564994121e-01
3.537341182895468727e-01
3.703274299194113106e-01
3.875405858319410646e-01
4.053924329326160092e-01
4.239021212808992689e-01
4.430890838610110349e-01
4.629730136855915168e-01
4.835738380316659812e-01
5.049116895881086142e-01
5.270068742852261900e-01
5.498798355711589370e-01
5.735511148706776696e-01
5.980413079717452618e-01
6.233710170537346551e-01
6.495607980608769649e-01
6.766311031193921188e-01
7.046022176839846773e-01
7.334941920691376849e-01
7.633267670282897210e-01
7.941192930285498885e-01
8.258906428500417674e-01
8.586591171262313305e-01
8.924423424559064788e-01
9.272571616878343415e-01
9.631195159744851964e-01
1.000044318203286986e+00
1.038045317414717950e+00
1.077134953792115324e+00
1.117324203847333441e+00
1.158622415433673503e+00
1.201037132221808745e+00
1.244573907295222437e+00
1.289236105586752945e+00
1.335024694880529994e+00
1.381938025155315275e+00
1.429971596119147481e+00
1.479117812859749526e+00
1.529365729573339383e+00
1.580700781476261252e+00
1.633104505106986570e+00
1.686554247335512180e+00
1.741022863543563393e+00
1.796478405646479981e+00
1.852883800771309097e+00
1.910196521627421928e+00
1.968368249861598862e+00
2.027344533954558159e+00
2.087064443469954345e+00
2.147460221836020366e+00
2.208456940177764505e+00
2.269972155086769749e+00
2.331915573635617189e+00
2.394188729405377636e+00
2.456684673739295111e+00
2.519287686941923177e+00
2.581873014670197364e+00
2.644306635285688323e+00
2.706445064496040498e+00
2.768135204169826391e+00
2.829214242736506346e+00
2.889509615107290319e+00
2.948839030595316046e+00
3.007010577672020180e+00
3.063822914809669840e+00
3.119065556970631814e+00
3.172519267448763447e+00
3.223956564698488680e+00
3.273142353819085582e+00
3.319834691898624790e+00
3.363785695794872854e+00
3.404742600125960195e+00
3.442448972232253546e+00
3.476646089097700454e+00
3.507074479604728623e+00
3.533475633388402315e+00
3.555593874676443722e+00
3.573178397029788567e+00
3.585985451273311586e+00
3.593780675314728779e+00
3.596341550841454460e+00
3.593459967830416879e+00
3.584944873246285191e+00
3.570624976488110836e+00
3.550351480014538375e+00
3.524000799608931533e+00
3.491477235402524748e+00
3.452715552251105269e+00
3.407683425693563528e+00
3.356383708655522380e+00
3.298856473982794579e+00
3.235180788685907416e+00
3.165476177689622084e+00
3.089903738026649638e+00
3.008666868256318683e+00
2.922011582659063134e+00
2.830226385145615531e+00
2.733641683025941127e+00
2.632628725912002476e+00
2.527598059052689639e+00
2.418997482529071430e+00
2.307309508315976476e+00
2.193048309178573518e+00
2.076756161407103285e+00
1.958999408628907979e+00
1.840364024958891731e+00
1.721450923127166854e+00
1.602871192445581849e+00
1.485241395041228651e+00
1.369178839230158928e+00
1.255296389186489669e+00
1.144195919147139584e+00
1.036459147738690190e+00
9.326349230925075062e-01
8.332246137396460695e-01
7.386730586963121681e-01
6.493751395227573830e-01
5.656919567966397500e-01
4.879454024476267415e-01
4.163770171937852260e-01
3.511067220719377158e-01
2.921266697286690750e-01
2.393232066157104099e-01
1.925043116693926915e-01
1.514212644195910562e-01
1.157837230712453619e-01
8.527035361900212052e-02
5.953682036387483723e-02
3.822219381761258333e-02
2.095437887253009598e-02
7.354997262077536159e-03
-2.955844680059457538e-03
-1.035439599507496922e-02
-1.520711373796862845e-02
-1.786293025767839507e-02
-1.864362910919808297e-02
-1.783301711362524772e-02
-1.566760719268124602e-02
-1.233319061852302355e-02
-7.967441070361102815e-03
