-9.770107087010465596e-02
9.993819070820336714e-02
3.590295370935235320e-01
6.903532017049585079e-01
1.116541975466982972e+00
1.666889054932737535e+00
2.376618788615175060e+00
3.287574105908785072e+00
4.448897855161592751e+00
5.917277879022338816e+00
7.756498966089746538e+00
1.003601536034854114e+01
1.282828832721431844e+01
1.620478362161892250e+01
2.023070229851921198e+01
2.495868463205111709e+01
3.042205592890368493e+01
3.662891764886370538e+01
4.355957219142675285e+01
5.117097164139538990e+01
5.941188363353130342e+01
6.824898830624363200e+01
7.769477571310797259e+01
8.781455497489686479e+01
9.868680638012642703e+01
1.103272860661245289e+02
1.226281349845013722e+02
1.353480650938293763e+02
1.481398280816266038e+02
1.605826461437665955e+02
1.722042587255458557e+02
1.824960599063201983e+02
1.909316479974729077e+02
1.969955160112608610e+02
2.002190618431310156e+02
2.002118943618977198e+02
1.966765441107995684e+02
1.894065501751076397e+02
1.782796980431052987e+02
1.632574239372835336e+02
1.443918953960056228e+02
1.218354176223118372e+02
9.584651805566475957e+01
6.678991597581736528e+01
3.513002892706349201e+01
1.418831882972988012e+00
-3.372079107462317182e+01
-6.961503724342482258e+01
-1.055613690026516593e+02
-1.408517473151438821e+02
-1.747957834135690973e+02
-2.067427225478658954e+02
-2.361012689661812658e+02
-2.623564139504301806e+02
-2.850826358143946209e+02
-3.039530667682092258e+02
-3.187444725913396155e+02
-3.293381263808836934e+02
-3.357168632043389493e+02
-3.379587752858060412e+02
-3.362281314709090907e+02
-3.307641747166388768e+02
-3.218684782962528175e+02
-3.098915284480389687e+02
-2.952191467549976096e+02
-2.782592931907356046e+02
-2.594296944046287194e+02
-2.391466435412177134e+02
-2.178152155277419979e+02
-1.958210413966223769e+02
-1.735237032608364416e+02
-1.512517323778525338e+02
-1.292991323599033251e+02
-1.079233072739245074e+02
-8.734423769694632256e+01
-6.774473107189659515e+01
-4.927156473696351924e+01
-3.203734004598037188e+01
-1.612287505377057073e+01
-1.579976338641970068e+00
1.156555166290837278e+01
2.331078337055956240e+01
3.367253833457177592e+01
4.268432005545427899e+01
5.039339328745002433e+01
5.685804915411871008e+01
6.214509019308667348e+01
6.632755688351672063e+01
6.948270565597900372e+01
7.169023860756020383e+01
7.303077927787035151e+01
7.358458331737219282e+01
7.343046856851263726e+01
7.264494693535083059e+01
7.130153910045349619e+01
6.947025241323525790e+01
6.721720187251959544e+01
6.460435544161660459e+01
6.168938592300564494e+01
5.852561203688966884e+01
5.516201358628356388e+01
5.164330691272380847e+01
4.801006812685571390e+01
4.429889316512430497e+01
4.054258543874487941e+01
3.677036277306656586e+01
3.300807682231050677e+01
2.927843926939056729e+01
2.560124996213885851e+01
2.199362339096680330e+01
1.847021008234990447e+01
1.504341090619375088e+01
1.172358251896963388e+01
8.519232246512650875e+00
5.437202135182492846e+00
2.482841280531851602e+00
-3.398336749293131009e-01
-3.027989786296963359e+00
-5.579840861522817441e+00
-7.994521606046586015e+00
-1.027197267079043108e+01
-1.241283632424697991e+01
-1.441836141522425052e+01
-1.629031800539991792e+01
-1.803092040395591056e+01
-1.964275801188471959e+01
-2.112873383808324945e+01
-2.249200959394016408e+01
-2.373595706430675989e+01
-2.486411510170544759e+01
-2.588015175394812672e+01
-2.678783134949871680e+01
-2.759098525702402327e+01
-2.829348692174493252e+01
-2.889923023502476340e+01
-2.941211064295855593e+01
-2.983600938984861273e+01
-3.017478000619339085e+01
-3.043223678719366276e+01
-3.061214549031666365e+01
-3.071821550618745533e+01
-3.075409353726180939e+01
-3.072335853717655141e+01
-3.062951779496412641e+01
-3.047600416768213805e+01
-3.026617372858328281e+01
-3.000330454480637243e+01
-2.969059597884652391e+01
-2.933116825140056250e+01
-2.892806279324232221e+01
-2.848424277825770190e+01
-2.800259393740247305e+01
-2.748592564766657986e+01
-2.693697219237364138e+01
-2.635839427731678342e+01
-2.575278042012712731e+01
-2.512264851431608292e+01
-2.447044760183802836e+01
-2.379855927718560693e+01
-2.310929938934528849e+01
-2.240491963858175239e+01
-2.168760894189676236e+01
-2.095949493267339392e+01
-2.022264529877855921e+01
-1.947906897275461802e+01
-1.873071723110026454e+01
-1.797948467779451320e+01
-1.722721017777583796e+01
-1.647567743399237017e+01
-1.572661560321120255e+01
-1.498169973556662171e+01
-1.424255091505494519e+01
-1.351073637201162825e+01
-1.278776937757794840e+01
-1.207510888218961043e+01
-1.137415905953812256e+01
-1.068626862093635133e+01
-1.001272989972642335e+01
-9.354777741183539774e+00
-8.713588194208215398e+00
-8.090276988227046218e+00
-7.485897719883127799e+00
-6.901439867717227727e+00
-6.337826550553289806e+00
-5.795911998847248725e+00
-5.276478806153463097e+00
-4.780234901275367321e+00
-4.307810229245927047e+00
-3.859753157872592322e+00
-3.436526593915215422e+00
-3.038503781525634828e+00
-2.665963781789391973e+00
-2.319086637981771837e+00
-1.997948187174356072e+00
-1.702514523826745396e+00
-1.432636105333120913e+00
-1.188041466189413420e+00
-9.683305475748664737e-01
-7.729676298791487987e-01
-6.012738232681588135e-01
-4.524191324746893450e-01
-3.254140841240828474e-01
-2.191008583928230058e-01
-1.321439539881143765e-01
-6.302033027864963055e-02
-1.000906664171618068e-02
2.881955323945900246e-02
5.561552863062892843e-02
7.276113543382990712e-02
8.288358628040436160e-02
8.886831416995416566e-02
9.387280323896267376e-02
1.013411765429761829e-01
1.150194313812582109e-01
1.389713207763489111e-01
1.775950622219348018e-01
2.356406280491922800e-01
3.182280318388547302e-01
4.308661274587645695e-01
5.794723428310821767e-01
7.703933702505897374e-01
1.010426379766087290e+00
1.306841307158390197e+00
1.667404054611992148e+00
2.100400362509878160e+00
2.614660798594778512e+00
3.219586502357877134e+00
3.925175911701320075e+00
4.742052522624601529e+00
5.681493186738867607e+00
6.755458028438748208e+00
7.976620521052467438e+00
9.358398819780303413e+00
1.091498837074636086e+01
1.266139464246141877e+01
1.461346713851341583e+01
1.678793439418757671e+01
1.920243934925352036e+01
2.187557583415988205e+01
2.482692503740000589e+01
2.807709386367347193e+01
3.164775235828840749e+01
3.556167212640625053e+01
3.984276585472711218e+01
4.451612555565511542e+01
4.960806153572693944e+01
5.514614206339751235e+01
6.115923115159309020e+01
6.767752660295109024e+01
7.473259776678392541e+01
8.235742143693711625e+01
9.058641707155021550e+01
9.945547926931038774e+01
1.090020105474292365e+02
1.192649490880829433e+02
1.302847947250786831e+02
1.421036331398285597e+02
1.547651535729141017e+02
1.683146634350138697e+02
1.827990987231865745e+02
1.982670272242292810e+02
2.147686461799025324e+02
2.323557719900994698e+02
2.510818224580102083e+02
2.710017901704785572e+02
2.921722034008322453e+02
3.146510801882681108e+02
3.384978654609905107e+02
3.637733560223367135e+02
3.905396131271077138e+02
4.188598543223984620e+02
4.487983289064800942e+02
4.804201755105537472e+02
5.137912558810850214e+02
5.489779668003267261e+02
5.860470245485759051e+02
6.250652276974668666e+02
6.660991846673305190e+02
7.092150121107157474e+02
7.544780038866574614e+02
8.019522584347359953e+02
8.517002702038878397e+02
9.037824858859828510e+02
9.582568116990235012e+02
1.015178078926577200e+03
1.074597466194697063e+03
1.136561870274625790e+03
1.201113228639779663e+03
1.268287788359515616e+03
1.338115330173299981e+03
1.410618331827786733e+03
1.485811080913680144e+03
1.563698741614981373e+03
1.644276362241984543e+03
1.727527836160663810e+03
1.813424821124355049e+03
1.901925612615070804e+03
1.992973980838294437e+03
2.086497978293088636e+03
2.182408727876817466e+03
2.280599198731219531e+03
2.380942976711851315e+03
2.483293061547929483e+03
2.587480682694915686e+03
2.693314167034793627e+03
2.800577883899845347e+03
2.909031274488721010e+03
3.018408001862802394e+03
3.128415256069997668e+03
3.238733232360261809e+03
3.349014823608108600e+03
3.458885558669599959e+03
3.567943834573814001e+03
3.675761463574512618e+03
3.781884583710651896e+03
3.885834979388752799e+03
3.987111832604237406e+03
4.085193946313561355e+03
4.179542484128704928e+03
4.269604229382965968e+03
4.354815396607940784e+03
4.434606006171545232e+03
4.508404814478310072e+03
4.575644785436039456e+03
4.635769078339979387e+03
4.688237511918117889e+03
4.732533422855809476e+03
4.768170851932372898e+03
4.794701949603745561e+03
4.811724467989110963e+03
4.818889199494201421e+03
4.815907206774536462e+03
4.802556643129915756e+03
4.778688997186856795e+03
4.744234545785711816e+03
4.699206822451190419e+03
4.643705928295578815e+03
4.577920467767599803e+03
4.502128006144354913e+03
4.416693910122394300e+03
4.322068509279376485e+03
4.218782525453791095e+03
4.107440882062257515e+03
3.988714911622002091e+03
3.863333170654343121e+03
3.732071073038900067e+03
3.595739641514952837e+03
3.455173638605662745e+03
3.311219504104774842e+03
3.164723413085941047e+03
3.016519832537868751e+03
2.867420886753920513e+03
2.718206871054173916e+03
2.569618079582016435e+03
2.422348150519113005e+03
2.277038997966970783e+03
2.134277309577010328e+03
1.994592545247908674e+03
1.858456274605129465e+03
1.726282642243463670e+03
1.598429754735641836e+03
1.475201863421418693e+03
1.356852304447012557e+03
1.243587404314989499e+03
1.135571492658718853e+03
1.032932721990936443e+03
9.357683445771397146e+02
8.441474957435996203e+02
7.581099976482546481e+02
6.776619918038175001e+02
6.027708586459394837e+02
5.333621959692844712e+02
4.693221326352131655e+02
4.105111543818824202e+02
3.567932900563836824e+02
3.080558566538329615e+02
2.641572892664688652e+02
2.248254323534046648e+02
1.896856107226094252e+02
1.584282639359810503e+02
1.308712666430868978e+02
1.068693150375567456e+02
8.623256392793479108e+01
6.871368549874925691e+01
5.402627943136798194e+01
4.186564414178414495e+01
3.192475871384244002e+01
2.390578568866018117e+01
1.752814759518676979e+01
1.253384609678829520e+01
8.690467790881678312e+00
5.792263791097379766e+00
3.659704879715421466e+00
2.137928948240715332e+00
1.094522652663901585e+00
4.171508097129780213e-01
1.177435990468357965e-02
-1.974345222583791803e-01
-2.656767748787806083e-01
-2.258410760078780055e-01
