1.175898573073770777e-02
1.258034826827975246e-02
1.345683007782440613e-02
1.439051617921087607e-02
1.538459455309560894e-02
1.644300480625779035e-02
1.757016426165648737e-02
1.877079091478139547e-02
2.004980176382524168e-02
2.141225779333738241e-02
2.286333323187891495e-02
2.440829481460537326e-02
2.605248278183797464e-02
2.780128894651706997e-02
2.966012914860690491e-02
3.163440862282314997e-02
3.372947980617083813e-02
3.595059310931499746e-02
3.830284209697424475e-02
4.079110520962942604e-02
4.341998656258856670e-02
4.619375861682139400e-02
4.911630987387198555e-02
5.219110140054317865e-02
5.542113694229602178e-02
5.880895234883233569e-02
6.235663036938308978e-02
6.606584562329759214e-02
6.993794073688938684e-02
7.397402794809412874e-02
7.817510217361037239e-02
8.254214479631248602e-02
8.707619620778202230e-02
9.177838147561495630e-02
9.664988539095469011e-02
1.016918852989009414e-01
1.069054574609287489e-01
1.122914735562305782e-01
1.178505001747849057e-01
1.235827090422472602e-01
1.294878016807851362e-01
1.355649500777711958e-01
1.418127542864162927e-01
1.482292177595866955e-01
1.548117407324856309e-01
1.615571307411534652e-01
1.684616276853949379e-01
1.755209394448243865e-01
1.827302835657289015e-01
1.900844310744849996e-01
1.975777496638757569e-01
2.052042448012796616e-01
2.129575983338388989e-01
2.208312047826203051e-01
2.288182057786802559e-01
2.369115231229164120e-01
2.451038908647432402e-01
2.533878866705513988e-01
2.617559626335996259e-01
2.702004755793576685e-01
2.787137168476343518e-01
2.872879414822237520e-01
2.959153967258105200e-01
3.045883496982163541e-01
3.132991141263188339e-01
3.220400759917192990e-01
3.308037179656900251e-01
3.395826425089055745e-01
3.483695935249504494e-01
3.571574764708738137e-01
3.659393768443645056e-01
3.747085769848397807e-01
3.834585711442330958e-01
3.921830788019740610e-01
4.008760562170751163e-01
4.095317062279287823e-01
4.181444863270165069e-01
4.267091150529510046e-01
4.352205767559175209e-01
4.436741248044893116e-01
4.520652833119167546e-01
4.603898474682921460e-01
4.686438825714995260e-01
4.768237218546581557e-01
4.849259632109220730e-01
4.929474649181516122e-01
5.008853404662427788e-01
5.087369525889502420e-01
5.164999065999972272e-01
5.241720431303023009e-01
5.317514303593984248e-01
5.392363558297437187e-01
5.466253179277259511e-01
5.539170171099099260e-01
5.611103469475483552e-01
5.682043850567065624e-01
5.751983839756069639e-01
5.820917620450928309e-01
5.888840943424714647e-01
5.955751037135229575e-01
6.021646519421723909e-01
6.086527310922823508e-01
6.150394550512264802e-01
6.213250513004202613e-01
6.275098529337693742e-01
6.335942909411268475e-01
6.395788867702559832e-01
6.454642451775337575e-01
6.512510473746615514e-01
6.569400444759855295e-01
6.625320512486334579e-01
6.680279401655596638e-01
6.734286357597314421e-01
6.787351092760571802e-01
6.839483736162729199e-01
6.890694785707931480e-01
6.940995063305352986e-01
6.990395672709002195e-01
7.038907959994198382e-01
7.086543476580390299e-01
7.133313944706223264e-01
7.179231225259676830e-01
7.224307287864317750e-01
7.268554183121785917e-01
7.311984016910386686e-01
7.354608926640182620e-01
7.396441059366019033e-01
7.437492551661564200e-01
7.477775511159325816e-01
7.517301999663990042e-01
7.556084017748997406e-01
7.594133490749215287e-01
7.631462256065357774e-01
7.668082051699147694e-01
7.704004505941316472e-01
7.739241128137790415e-01
7.773803300462805987e-01
7.807702270630900721e-01
7.840949145483031568e-01
7.873554885385277702e-01
7.905530299381767767e-01
7.936886041046558038e-01
7.967632604982201050e-01
7.997780323915653078e-01
8.027339366345007665e-01
8.056319734693262458e-01
8.084731263927927847e-01
8.112583620607805024e-01
8.139886302320655798e-01
8.166648637477812445e-01
8.192879785433874185e-01
8.218588736901825120e-01
8.243784314635766997e-01
8.268475174355447432e-01
8.292669805888409629e-01
8.316376534507370355e-01
8.339603522441932926e-01
8.362358770545263997e-01
8.384650120097825177e-01
8.406485254731383971e-01
8.427871702458016312e-01
8.448816837789778766e-01
8.469327883935892087e-01
8.489411915065329106e-01
8.509075858623588173e-01
8.528326497693384800e-01
8.547170473389783529e-01
8.565614287281142492e-01
8.583664303827819309e-01
8.601326752831498501e-01
8.618607731888380252e-01
8.635513208840258637e-01
8.652049024217903783e-01
8.668220893671810812e-01
8.684034410385741420e-01
8.699495047468951414e-01
8.714608160323443764e-01
8.729378988982896548e-01
8.743812660420284821e-01
8.757914190821565192e-01
8.771688487823011693e-01
8.785140352710212319e-01
8.798274482576730060e-01
8.811095472440964027e-01
8.823607817319750746e-01
8.835815914257473258e-01
8.847724064309755443e-01
8.859336474480760115e-01
8.870657259613465850e-01
8.881690444232335224e-01
8.892439964337909286e-01
8.902909669153034056e-01
8.913103322820429275e-01
8.923024606051568330e-01
8.932677117726721683e-01
8.942064376446275942e-01
8.951189822033372989e-01
8.960056816988086759e-01
8.968668647893343060e-01
8.977028526772841133e-01
8.985139592401329978e-01
8.993004911567601400e-01
9.000627480290555038e-01
9.008010224988833858e-01
9.015156003604465340e-01
9.022067606680947982e-01
9.028747758396383771e-01
9.035199117552105141e-01
9.041424278517351532e-01
9.047425772130600619e-01
9.053206066558069365e-01
9.058767568109966639e-01
9.064112622015108034e-01
9.069243513154472414e-01
9.074162466754278622e-01
9.078871649039185199e-01
9.083373167846230389e-01
9.087669073200085323e-01
9.091761357850238756e-01
9.095651957770694018e-01
9.099342752622764374e-01
9.102835566181637361e-01
9.106132166727148869e-01
9.109234267399496376e-01
9.112143526520387615e-01
9.114861547880240833e-01
9.117389880991978446e-01
9.119730021312005830e-01
9.121883410428895944e-01
9.123851436220407063e-01
9.125635432979297690e-01
9.127236681508539284e-01
9.128656409186429732e-01
9.129895790002183764e-01
9.130955944562479942e-01
9.131837940069500448e-01
9.132542790270991029e-01
9.133071455382844039e-01
9.133424841984704168e-01
9.133603802889097567e-01
9.133609136984577326e-01
9.133441589053424847e-01
9.133101849564273511e-01
9.132590554440288555e-01
9.131908284803272879e-01
9.131055566694222803e-01
9.130032870770790066e-01
9.128840611982148578e-01
9.127479149221666699e-01
9.125948784957967908e-01
9.124249764844727384e-01
9.122382277309740717e-01
9.120346453123703290e-01
9.118142364949192169e-01
9.115770026870283482e-01
9.113229393903273801e-01
9.110520361489029550e-01
9.107642764967343041e-01
9.104596379033882414e-01
9.101380917180094121e-01
9.097996031116628579e-01
9.094441310180757521e-01
9.090716280728233789e-01
9.086820405510140919e-01
9.082753083035228769e-01
9.078513646918211499e-01
9.074101365214597426e-01
9.069515439742565910e-01
9.064755005392388654e-01
9.059819129424032669e-01
9.054706810753425650e-01
9.049416979227995483e-01
9.043948494892070089e-01
9.038300147242748217e-01
9.032470654476827399e-01
9.026458662729456295e-01
9.020262745305165364e-01
9.013881401901879808e-01
9.007313057828726377e-01
9.000556063218200231e-01
8.993608692233552304e-01
8.986469142272051069e-01
8.979135533164973593e-01
8.971605906375044182e-01
8.963878224192285415e-01
8.955950368928954353e-01
8.947820142114630837e-01
8.939485263692277250e-01
8.930943371216214510e-01
8.922192019053059031e-01
8.913228677586599868e-01
8.904050732427669645e-01
8.894655483630111714e-01
8.885040144914015947e-01
8.875201842897311177e-01
8.865137616337056548e-01
8.854844415381567524e-01
8.844319100834804326e-01
8.833558443434312846e-01
8.822559123144170234e-01
8.811317728464371779e-01
8.799830755758245582e-01
8.788094608599363866e-01
8.776105597139728376e-01
8.763859937500815267e-01
8.751353751189326902e-01
8.738583064539443557e-01
8.725543808183486849e-01
8.712231816552961083e-01
8.698642827412056411e-01
8.684772481425711010e-01
8.670616321764409440e-01
8.656169793748081931e-01
8.641428244531407232e-01
8.626386922832994797e-01
8.611040978711047567e-01
8.595385463388055536e-01
8.579415329127368928e-01
8.563125429164396563e-01
8.546510517695455889e-01
8.529565249927243409e-01
8.512284182190190673e-01
8.494661772118859977e-01
8.476692378902871416e-01
8.458370263611817430e-01
8.439689589597817454e-01
8.420644422979467469e-01
8.401228733211096866e-01
8.381436393741306112e-01
8.361261182765050703e-01
8.340696784073459158e-01
8.319736788005940298e-01
8.298374692509125072e-01
8.276603904307439086e-01
8.254417740190203023e-01
8.231809428420344688e-01
8.208772110269967337e-01
8.185298841688233296e-01
8.161382595107076199e-01
8.137016261390626060e-01
8.112192651934152510e-01
8.086904500918874472e-01
8.061144467728762475e-01
8.034905139536028251e-01
8.008179034061936319e-01
7.980958602519964140e-01
7.953236232748355228e-01
7.925004252539548100e-01
7.896254933173958435e-01
7.866980493165964816e-01
7.837173102230143851e-01
7.806824885475974751e-01
7.775927927839489939e-01
7.744474278760691277e-01
7.712455957115570415e-01
7.679864956412035815e-01
7.646693250259183339e-01
7.612932798119560474e-01
7.578575551354510553e-01
7.543613459572621194e-01
7.508038477291921753e-01
7.471842570926445770e-01
7.435017726108160696e-01
7.397555955355540336e-01
7.359449306100204202e-01
7.320689869083474299e-01
7.281269787134759808e-01
7.241181264344127566e-01
7.200416575641506167e-01
7.158968076795335644e-01
7.116828214843660128e-01
7.073989538970898439e-01
7.030444711843821803e-01
6.986186521420386653e-01
6.941207893245393556e-01
6.895501903247089892e-01
6.849061791049027015e-01
6.801880973811684772e-01
6.753953060618550497e-01
6.705271867421411791e-01
6.655831432559877747e-01
6.605626032870124398e-01
6.554650200398016713e-01
6.502898739731742817e-01
6.450366745969262627e-01
6.397049623335632207e-01
6.342943104465468274e-01
6.288043270365520909e-01
6.232346571072312491e-01
6.175849847019541095e-01
6.118550351129754539e-01
6.060445771644493718e-01
6.001534255706650889e-01
5.941814433708488830e-01
5.881285444418062891e-01
5.819946960896383858e-01
5.757799217216700294e-01
5.694843035996695058e-01
5.631079856753264945e-01
5.566511765088621999e-01
5.501141522715136123e-01
5.434972598325094051e-01
5.368009199309871082e-01
5.300256304331474322e-01
5.231719696747322290e-01
5.162405998887124037e-01
5.092322707178243979e-01
5.021478228113348541e-01
4.949881915051160264e-01
4.877544105837869348e-01
4.804476161233208198e-01
4.730690504121085604e-01
4.656200659480368986e-01
4.581021295086416534e-01
4.505168262908604837e-01
4.428658641163170095e-01
4.351510776973995798e-01
4.273744329586789958e-01
4.195380314074065309e-01
4.116441145459366346e-01
4.036950683179538757e-01
3.956934275792939326e-01
3.876418805829504599e-01
3.795432734665492025e-01
3.714006147290967452e-01
3.632170796822015713e-01
3.549960148591733144e-01
3.467409423634103538e-01
3.384555641352950950e-01
3.301437661143563074e-01
3.218096222707375054e-01
3.134573984769818966e-01
3.050915561877596272e-01
2.967167558913882952e-01
2.883378602927806345e-01
2.799599371827258265e-01
2.715882619430987077e-01
2.632283196316406726e-01
2.548858065832314557e-01
2.465666314570038042e-01
2.382769156500755547e-01
2.300229929889707758e-01
2.218114085987775430e-01
2.136489168375356740e-01
2.055424781690385894e-01
1.974992548308799611e-01
1.895266051358555082e-01
1.816320762233680497e-01
1.738233950528579874e-01
1.661084574030284033e-01
1.584953146082497544e-01
1.509921577265182779e-01
1.436072987913098731e-01
1.363491487523945389e-01
1.292261916584630521e-01
1.222469545784667377e-01
1.154199727018624250e-01
1.087537490066943641e-01
1.022567078505333404e-01
9.593714184460880312e-02
8.980315145480122219e-02
8.386257700038640683e-02
7.812292319824629128e-02
7.259127727869606195e-02
6.727422314906338074e-02
6.217775615216319246e-02
5.730720520236440296e-02
5.266716981046017793e-02
4.826147537171064650e-02
4.409313807686152803e-02
4.016431561299499409e-02
3.647622061325603987e-02
3.302900818597370725e-02
2.982169398368398477e-02
2.685215967011578622e-02
2.411724923847467783e-02
2.161291026671976340e-02
1.933433004045067086e-02
1.727604124559106030e-02
1.543199505613809981e-02
1.379560992885732300e-02
1.235980593123172690e-02
1.111703260092696509e-02
1.005929619588536578e-02
9.178190671035280426e-03
8.464935841741691794e-03
7.910425765071097196e-03
7.505290178483759421e-03
7.239971694928887432e-03
7.104821169599406447e-03
7.090212972600931467e-03
7.186680453557238619e-03
7.385069144744163018e-03
7.676700612065333156e-03
8.053533084274942799e-03
8.508297563879994516e-03
9.034586073039427637e-03
9.626884729113350039e-03
1.028058919672284084e-02
1.099208965156238740e-02
