1.175898915790059632e-02
1.234011215380450763e-02
1.294914925061594647e-02
1.358665544256905562e-02
1.425352746477522546e-02
1.495093537503760887e-02
1.568025530441814058e-02
1.644301288129968938e-02
1.724084041611215201e-02
1.807544685790775374e-02
1.894859781895336451e-02
1.986210273184057726e-02
2.081780664279199097e-02
2.181758476100075991e-02
2.286333844603984783e-02
2.395699174821457750e-02
2.510048791786665193e-02
2.629578549524805298e-02
2.754485371709544661e-02
2.884966706068881753e-02
3.021219881383516159e-02
3.163441362514168159e-02
3.311825905757367905e-02
3.466565623628792281e-02
3.627848974259826470e-02
3.795859695315344229e-02
3.970775705474922923e-02
4.152767998408146005e-02
4.341999555608483385e-02
4.538624306409311249e-02
4.742786166840794876e-02
4.954618194124191938e-02
5.174241900366313013e-02
5.401766776458450520e-02
5.637290083473891350e-02
5.880896971150313679e-02
6.132660977768618349e-02
6.392644948976336505e-02
6.660902381721066357e-02
6.937479152887567058e-02
7.222415534342413457e-02
7.515748336432098720e-02
7.817512975239376827e-02
8.127745240567539609e-02
8.446482562416568474e-02
8.773764633939949709e-02
9.109633336108403923e-02
9.454132002228346487e-02
9.807304136852984522e-02
1.016919174833445932e-01
1.053983346382270508e-01
1.091926257697822533e-01
1.130750514444634619e-01
1.170457820965439544e-01
1.211048820067577303e-01
1.252522952690370839e-01
1.294878338726101474e-01
1.338111679837864776e-01
1.382218185089672813e-01
1.427191520194973917e-01
1.473023780907471991e-01
1.519705490376163926e-01
1.567225619205901421e-01
1.615571625723230820e-01
1.664729512854974114e-01
1.714683897353332376e-01
1.765418086985091062e-01
1.816914161716775278e-01
1.869153055711089972e-01
1.922114637892809730e-01
1.975777789753692670e-01
2.030120479813489476e-01
2.085119834689691809e-01
2.140752207058993772e-01
2.196993240955091298e-01
2.253817934887822061e-01
2.311200703235684051e-01
2.369115436291345522e-01
2.427535559251619290e-01
2.486434090355819915e-01
2.545783698298445530e-01
2.605556758975576814e-01
2.665725411570580294e-01
2.726261613942673190e-01
2.787137197250640908e-01
2.848323919720240349e-01
2.909793519447366195e-01
2.971517766118206838e-01
3.033468511521387190e-01
3.095617738723988599e-01
3.157937609784119415e-01
3.220400511875866068e-01
3.282979101707474423e-01
3.345646348120366875e-01
3.408375572765195982e-01
3.471140488760811604e-01
3.533915237252483466e-01
3.596674421797593224e-01
3.659393140519477394e-01
3.722047015982361540e-01
3.784612222753085953e-01
3.847065512627964035e-01
3.909384237515782234e-01
3.971546369979672697e-01
4.033530521452810547e-01
4.095315958154081559e-01
4.156882614740270987e-01
4.218211105740838351e-01
4.279282734830548440e-01
4.340079502003096890e-01
4.400584108716066867e-01
4.460779961083947698e-01
4.520651171201627849e-01
4.580182556685048478e-01
4.639359638519587326e-01
4.698168637309508844e-01
4.756596468024112956e-01
4.814630733337466051e-01
4.872259715659386092e-01
4.929472367955332612e-01
4.986258303452373863e-01
5.042607784327175491e-01
5.098511709470521236e-01
5.153961601420713468e-01
5.208949592555980335e-01
5.263468410633108663e-01
5.317511363756459719e-01
5.371072324858209290e-01
5.424145715767394460e-01
5.476726490941424830e-01
5.528810120930217620e-01
5.580392575639254726e-01
5.631470307453941837e-01
5.682040234283468605e-01
5.732099722578876122e-01
5.781646570375943428e-01
5.830678990409828844e-01
5.879195593344681559e-01
5.927195371157941706e-01
5.974677680715282380e-01
6.021642227568738681e-01
6.068089050007402507e-01
6.114018503386966508e-01
6.159431244761301993e-01
6.204328217836564408e-01
6.248710638265596584e-01
6.292579979297816539e-01
6.335937957797108666e-01
6.378786520638417556e-01
6.421127831491341142e-01
6.462964257997320106e-01
6.504298359344985458e-01
6.545132874246933907e-01
6.585470709319151128e-01
6.625314927863192871e-01
6.664668739049788293e-01
6.703535487501582901e-01
6.741918643271510581e-01
6.779821792212435971e-01
6.817248626732907990e-01
6.854202936932969337e-01
6.890688602113258510e-01
6.926709582650282249e-01
6.962269912230064639e-01
6.997373690432021620e-01
7.032025075654605439e-01
7.066228278373971605e-01
7.099987554726479022e-01
7.133307200405919479e-01
7.166191544865964103e-01
7.198644945818544194e-01
7.230671784018523063e-01
7.262276458325277462e-01
7.293463381031666248e-01
7.324236973451004884e-01
7.354601661752513397e-01
7.384561873036172841e-01
7.414122031637744303e-01
7.443286555655032055e-01
7.472059853686504605e-01
7.500446321773724945e-01
7.528450340538993535e-01
7.556076272510028335e-01
7.583328459623509543e-01
7.610211220899688600e-01
7.636728850280387615e-01
7.662885614622981789e-01
7.688685751843110650e-01
7.714133469199210280e-01
7.739232941711958746e-01
7.763988310712270913e-01
7.788403682511347847e-01
7.812483127186816700e-01
7.836230677479005813e-01
7.859650327791734004e-01
7.882746033292138410e-01
7.905521709104288419e-01
7.927981229591578582e-01
7.950128427723072155e-01
7.971967094519065711e-01
7.993500978571574933e-01
8.014733785635310692e-01
8.035669178285220760e-01
8.056310775636570387e-01
8.076662153123910226e-01
8.096726842335294494e-01
8.116508330898429824e-01
8.136010062415395261e-01
8.155235436442910268e-01
8.174187808515146481e-01
8.192870490206328737e-01
8.211286749230343185e-01
8.229439809574907727e-01
8.247332851667792397e-01
8.264969012572819240e-01
8.282351386213421263e-01
8.299483023621702094e-01
8.316366933211012391e-01
8.333006081070173376e-01
8.349403391277533393e-01
8.365561746233256546e-01
8.381483987008100378e-01
8.397172913707339204e-01
8.412631285848269913e-01
8.427861822750042364e-01
8.442867203934467657e-01
8.457650069536691850e-01
8.472213020724468358e-01
8.486558620125076446e-01
8.500689392258775623e-01
8.514607823977938805e-01
8.528316364910879521e-01
8.541817427909613736e-01
8.555113389500691445e-01
8.568206590338416362e-01
8.581099335659685412e-01
8.593793895739849642e-01
8.606292506348959259e-01
8.618597369207834369e-01
8.630710652443419617e-01
8.642634491042893163e-01
8.654370987306118090e-01
8.665922211295955524e-01
8.677290201286024240e-01
8.688476964205584796e-01
8.699484476081116302e-01
8.710314682474392667e-01
8.720969498916589790e-01
8.731450811338299367e-01
8.741760476495057386e-01
8.751900322388287412e-01
8.761872148681304484e-01
8.771677727110326339e-01
8.781318801890155568e-01
8.790797090114539358e-01
8.800114282150893752e-01
8.809272042029364647e-01
8.818272007826045700e-01
8.827115792040300946e-01
8.835804981966015603e-01
8.844341140056805051e-01
8.852725804284968802e-01
8.860960488494243892e-01
8.869046682746243304e-01
8.876985853660495085e-01
8.884779444748147625e-01
8.892428876739234545e-01
8.899935547903464750e-01
8.907300834364610953e-01
8.914526090408346759e-01
8.921612648783668886e-01
8.928561820997796827e-01
8.935374897604598798e-01
8.942053148486578396e-01
8.948597823130405304e-01
8.955010150895983401e-01
8.961291341279160605e-01
8.967442584168004993e-01
8.973465050092749307e-01
8.979359890469407190e-01
8.985128237837107790e-01
8.990771206089147594e-01
8.996289890697898306e-01
9.001685368933471931e-01
9.006958700076291846e-01
9.012110925623576518e-01
9.017143069489784724e-01
9.022056138201074438e-01
9.026851121083837581e-01
9.031528990447320604e-01
9.036090701760445265e-01
9.040537193822817397e-01
9.044869388930004694e-01
9.049088193033159033e-01
9.053194495893006621e-01
9.057189171228281488e-01
9.061073076858636721e-01
9.064847054842105623e-01
9.068511931607196042e-01
9.072068518079574595e-01
9.075517609803528396e-01
9.078859987058178760e-01
9.082096414968527931e-01
9.085227643611385462e-01
9.088254408116249738e-01
9.091177428761160195e-01
9.093997411063645675e-01
9.096715045866756721e-01
9.099331009420280614e-01
9.101845963457154687e-01
9.104260555265223376e-01
9.106575417754259050e-01
9.108791169518403175e-01
9.110908414894066665e-01
9.112927744013307185e-01
9.114849732852776665e-01
9.116674943278263443e-01
9.118403923084915652e-01
9.120037206033170252e-01
9.121575311880431025e-01
9.123018746408594337e-01
9.124368001447420440e-01
9.125623554893860234e-01
9.126785870727326389e-01
9.127855399021012062e-01
9.128832575949250572e-01
9.129717823791057008e-01
9.130511550929782949e-01
9.131214151849039729e-01
9.131826007124872469e-01
9.132347483414260392e-01
9.132778933440018898e-01
9.133120695972040126e-01
9.133373095805091824e-01
9.133536443733063503e-01
9.133611036519807547e-01
9.133597156866539724e-01
9.133495073375973439e-01
9.133305040513072237e-01
9.133027298562589325e-01
9.132662073583374118e-01
9.132209577359531316e-01
9.131670007348450246e-01
9.131043546625772223e-01
9.130330363827300344e-01
9.129530613087953883e-01
9.128644433977763928e-01
9.127671951434974673e-01
9.126613275696298100e-01
9.125468502224337586e-01
9.124237711632292580e-01
9.122920969605908814e-01
9.121518326822750655e-01
9.120029818868847782e-01
9.118455466152778355e-01
9.116795273817169809e-01
9.115049231647720518e-01
9.113217313979774525e-01
9.111299479602473772e-01
9.109295671660544436e-01
9.107205817553784000e-01
9.105029828834237948e-01
9.102767601101170447e-01
9.100419013893878972e-01
9.097983930582294043e-01
9.095462198255576114e-01
9.092853647608616363e-01
9.090158092826554626e-01
9.087375331467348882e-01
9.084505144342444050e-01
9.081547295395592245e-01
9.078501531579875605e-01
9.075367582732968286e-01
9.072145161450698714e-01
9.068833962958968709e-01
9.065433664984072770e-01
9.061943927621470829e-01
9.058364393203061082e-01
9.054694686163043960e-01
9.050934412902372772e-01
9.047083161651913175e-01
9.043140502334293673e-01
9.039105986424581518e-01
9.034979146809805073e-01
9.030759497647368184e-01
9.026446534222452023e-01
9.022039732804459922e-01
9.017538550502549599e-01
9.012942425120328283e-01
9.008250775009790656e-01
9.003462998924551819e-01
8.998578475872471838e-01
8.993596564967673013e-01
8.988516605282138583e-01
8.983337915696849585e-01
8.978059794752624168e-01
8.972681520500662700e-01
8.967202350352968532e-01
8.961621520932637752e-01
8.955938247924156714e-01
8.950151725923782831e-01
8.944261128290078577e-01
8.938265606994718615e-01
8.932164292473632194e-01
8.925956293478600756e-01
8.919640696929385104e-01
8.913216567766533149e-01
8.906682948804883759e-01
8.900038860587975442e-01
8.893283301243343208e-01
8.886415246338977836e-01
8.879433648740895357e-01
8.872337438472035487e-01
8.865125522572600003e-01
8.857796784961913250e-01
8.850350086301961294e-01
8.842784263862736305e-01
8.835098131389504950e-01
8.827290478972181775e-01
8.819360072916861970e-01
8.811305655619784405e-01
8.803125945443721623e-01
8.794819636597108747e-01
8.786385399015911313e-01
8.777821878248531773e-01
8.769127695343803541e-01
8.760301446742345677e-01
8.751341704171372582e-01
8.742247014543176320e-01
8.733015899857441422e-01
8.723646857107610897e-01
8.714138358191483302e-01
8.704488849826201857e-01
8.694696753467924255e-01
8.684760465236294191e-01
8.674678355843999933e-01
8.664448770531547606e-01
8.654070029007616682e-01
8.643540425395080939e-01
8.632858228183029059e-01
8.622021680185005810e-01
8.611028998503699183e-01
8.599878374502384348e-01
8.588567973783327592e-01
8.577095936173445567e-01
8.565460375717509622e-01
8.553659380679203839e-01
8.541691013550227751e-01
8.529553311067895605e-01
8.517244284241384245e-01
8.504761918387070407e-01
8.492104173173189441e-01
8.479268982674219579e-01
8.466254255435246012e-01
8.453057874546784367e-01
8.439677697730264549e-01
8.426111557434659005e-01
8.412357260944571813e-01
8.398412590500189401e-01
8.384275303429472581e-01
8.369943132293049537e-01
8.355413785042111741e-01
8.340684945189857924e-01
8.325754271996851363e-01
8.310619400670719026e-01
8.295277942580676633e-01
8.279727485487373695e-01
8.263965593788453745e-01
8.247989808780401555e-01
8.231797648937103640e-01
8.215386610205699380e-01
8.198754166320167958e-01
8.181897769133237297e-01
8.164814848967154592e-01
8.147502814983871300e-01
8.129959055575189941e-01
8.112180938773514427e-01
8.094165812683701278e-01
8.075911005936751152e-01
8.057413828165809200e-01
8.038671570505278030e-01
8.019681506113539582e-01
8.000440890720073028e-01
7.980946963197563804e-01
7.961196946159734278e-01
7.941188046585584415e-01
7.920917456470784046e-01
7.900382353506938404e-01
7.879579901789488527e-01
7.858507252555020361e-01
7.837161544948748615e-01
7.815539906822989158e-01
7.793639455567394903e-01
7.771457298971863326e-01
7.748990536122893902e-01
7.726236258334289175e-01
7.703191550113083208e-01
7.679853490161581142e-01
7.656219152416431362e-01
7.632285607125645077e-01
7.608049921964532558e-01
7.583509163191506364e-01
7.558660396844774088e-01
7.533500689980834331e-01
7.508027111955909438e-01
7.482236735751215395e-01
7.456126639343261253e-01
7.429693907120099583e-01
7.402935631344770284e-01
7.375848913666908091e-01
7.348430866683758333e-01
7.320678615551599044e-01
7.292589299648877255e-01
7.264160074292084213e-01
7.235388112505698466e-01
7.206270606847298144e-01
7.176804771289136964e-01
7.146987843157400766e-01
7.116817085130400233e-01
7.086289787296938814e-01
7.055403269276223632e-01
7.024154882400519551e-01
6.992542011961986326e-01
6.960562079524926782e-01
6.928212545304854864e-01
6.895490910615694746e-01
6.862394720386546521e-01
6.828921565749305200e-01
6.795069086698625194e-01
6.760834974825573607e-01
6.726216976126437874e-01
6.691212893888028868e-01
6.655820591650996043e-01
6.620037996252517987e-01
6.583863100949842728e-01
6.547293968626087812e-01
6.510328735079800033e-01
6.472965612399662616e-01
6.435202892425831989e-01
6.397038950299295257e-01
6.358472248100714985e-01
6.319501338580155725e-01
6.280124868979145569e-01
6.240341584946442755e-01
6.200150334548903963e-01
6.159550072378812136e-01
6.118539863759060449e-01
6.077118889047387063e-01
6.035286448041116136e-01
5.993041964483523110e-01
5.950384990673189822e-01
5.907315212177390862e-01
5.863832452650798999e-01
5.819936678760461168e-01
5.775628005218219618e-01
5.730906699921413106e-01
5.685773189202893985e-01
5.640228063191147223e-01
5.594272081281297382e-01
5.547906177717627507e-01
5.501131467288276067e-01
5.453949251132481635e-01
5.406361022660852722e-01
5.358368473588837055e-01
5.309973500083563502e-01
5.261178209023991137e-01
5.211984924374252204e-01
5.162396193669763766e-01
5.112414794615706137e-01
5.062043741797018770e-01
5.011286293499196409e-01
4.960145958638574881e-01
4.908626503800865293e-01
4.856731960386260760e-01
4.804466631859244385e-01
4.751835101100850278e-01
4.698842237860961779e-01
4.645493206307703682e-01
4.591793472670807064e-01
4.537748812975258006e-01
4.483365320861286696e-01
4.428649415486120566e-01
4.373607849502636480e-01
4.318247717109334749e-01
4.262576462165670876e-01
4.206601886366027054e-01
4.150332157465146943e-01
4.093775817546906892e-01
4.036941791327848805e-01
3.979839394485831239e-01
3.922478342003541396e-01
3.864868756515443815e-01
3.807021176646007699e-01
3.748946565325806390e-01
3.690656318071026121e-01
3.632162271210616078e-01
3.573476710044115046e-01
3.514612376911592784e-01
3.455582479155807629e-01
3.396400696954807730e-01
3.337081191001640135e-01
3.277638610005720876e-01
3.218088097988454077e-01
3.158445301343337785e-01
3.098726375628478857e-01
3.038947992056662550e-01
2.979127343645456283e-01
2.919282150986510782e-01
2.859430667590105446e-01
2.799591684757103960e-01
2.739784535926732545e-01
2.680029100444054624e-01
2.620345806686569246e-01
2.560755634484058740e-01
2.501280116760334904e-01
2.441941340319311871e-01
2.382761945691311001e-01
2.323765125948017152e-01
2.264974624386598412e-01
2.206414730974646243e-01
2.148110277438013971e-01
2.090086630862867112e-01
2.032369685671739923e-01
1.974985853820322157e-01
1.917962053047554682e-01
1.861325692995905445e-01
1.805104659001468548e-01
1.749327293334339006e-01
1.694022373648812196e-01
1.639219088379597900e-01
1.584947008794899415e-01
1.531236057389047944e-01
1.478116472267003989e-01
1.425618767139929244e-01
1.373773686515642745e-01
1.322612155630042141e-01
1.272165224626832236e-01
1.222464006453859303e-01
1.173539607907599924e-01
1.125423053226076303e-01
1.078145199610809207e-01
1.031736644057705266e-01
9.862276209086136280e-02
9.416478896177973845e-02
8.980266123884778073e-02
8.553922216115537880e-02
8.137722774830960515e-02
7.731933168514340537e-02
7.336806953148708454e-02
6.952584258983779408e-02
6.579490192405902660e-02
6.217733318830864081e-02
5.867504303706225222e-02
5.528974783101926749e-02
5.202296497065059949e-02
4.887600634659525906e-02
4.584997216938180298e-02
4.294574235635075649e-02
4.016396272303045245e-02
3.750502536110104229e-02
3.496904643549850894e-02
3.255584799515791328e-02
3.026495058816941475e-02
2.809557991964153553e-02
2.604668579256763997e-02
2.411696818629529421e-02
2.230490483967805318e-02
2.060877629760487703e-02
1.902668651865289245e-02
1.755657880170717958e-02
1.619624769717964083e-02
1.494334788559659698e-02
1.379540099328857225e-02
1.274980117059101338e-02
1.180382009290868381e-02
1.095461190542388816e-02
1.019921852982392206e-02
9.534575683093444651e-03
8.957519916475047486e-03
8.464796958984551617e-03
8.053071637401338495e-03
7.718939637123797479e-03
7.458941359617296193e-03
7.269578115637873039e-03
7.147330860706592286e-03
7.088681619236238129e-03
7.090137641578217464e-03
7.148258174953380124e-03
7.259683481799938769e-03
7.421165385100406825e-03
7.629598150526067761e-03
7.882047960393804079e-03
8.175778715948845213e-03
8.508271716384911004e-03
8.877237417922205151e-03
9.280619606412082376e-03
9.716596172829885039e-03
1.018358509712572954e-02
1.068026583015300665e-02
1.120562081483931008e-02
