-2.597202343370499846e-03
8.544557157276380221e-04
4.614944863912236184e-03
8.699409937233426246e-03
1.312946947230907505e-02
1.793166940588456978e-02
2.313614618372840728e-02
2.877568442258457079e-02
3.488515646681319277e-02
4.150124495070317554e-02
4.866234024889845577e-02
5.640852728414055828e-02
6.478160380955065578e-02
7.382509456917238366e-02
8.358424060854978410e-02
9.410595149105974166e-02
1.054387123449898045e-01
1.176324393985700850e-01
1.307382785125967284e-01
1.448083423547459336e-01
1.598953838695226781e-01
1.760524065859625786e-01
1.933322157420087062e-01
2.117869174551937628e-01
2.314673757171482049e-01
2.524226386936893607e-01
2.746993470557686501e-01
2.983411386162702073e-01
3.233880662579475818e-01
3.498760506510913415e-01
3.778363957745653479e-01
4.072954033753778402e-01
4.382741311129617623e-01
4.707883462489835802e-01
5.048487293653499686e-01
5.404613766885937309e-01
5.776286306158923134e-01
6.163502320581217830e-01
6.566247339393631588e-01
6.984510462120826491e-01
7.418299106533428056e-01
7.867650542427336857e-01
8.332637770182829140e-01
8.813368068085407625e-01
9.309973833888156580e-01
9.822596833159065177e-01
1.035136814120563242e+00
1.089638654798733786e+00
1.145769794174491318e+00
1.203527743739849498e+00
1.262901511766901574e+00
1.323870549057870161e+00
1.386404028205608485e+00
1.450460399532069067e+00
1.515987171125357635e+00
1.582920877512211222e+00
1.651187221779096603e+00
1.720701391780435241e+00
1.791368557462535538e+00
1.863084551280026036e+00
1.935736718512928389e+00
2.009204903719755464e+00
2.083362520777488847e+00
2.158077644028402187e+00
2.233214060737030326e+00
2.308632239467886649e+00
2.384190190151255884e+00
2.459744213014768643e+00
2.535149549992044893e+00
2.610260961268982882e+00
2.684933251631617335e+00
2.759021768237252203e+00
2.832382885877816836e+00
2.904874489724529774e+00
2.976356460154777839e+00
3.046691160165955203e+00
3.115743923089515199e+00
3.183383536650418399e+00
3.249482718619580268e+00
3.313918579076724491e+00
3.376573064453860074e+00
3.437333378871027190e+00
3.496092378736185946e+00
3.552748937088033188e+00
3.607208274664778003e+00
3.659382255190486877e+00
3.709189642855505564e+00
3.756556320443757979e+00
3.801415467009574556e+00
3.843707694448232015e+00
3.883381142734177782e+00
3.920391534002181544e+00
3.954702186037099665e+00
3.986283986102687749e+00
4.015115326383555505e+00
4.041182002625967051e+00
4.064477077843738684e+00
4.085000713212301626e+00
4.102759968477290187e+00
4.117768574383065427e+00
4.130046679762481077e+00
4.139620576032216448e+00
4.146522401898426580e+00
4.150789831107736916e+00
4.152465746080133968e+00
4.151597900216243531e+00
4.148238571612902881e+00
4.142444210832901597e+00
4.134275085264984995e+00
4.123794922482082903e+00
4.111070554863268889e+00
4.096171567591166074e+00
4.079169951964862761e+00
4.060139765799784861e+00
4.039156802510429856e+00
4.016298270293178874e+00
3.991642482650969992e+00
3.965268561328199048e+00
3.937256152553324728e+00
3.907685157320859748e+00
3.876635476290287041e+00
3.844186769730486120e+00
3.810418232798156613e+00
3.775408386310661335e+00
3.739234883054602943e+00
3.701974329557539356e+00
3.663702123154157331e+00
3.624492304090516814e+00
3.584417422330301584e+00
3.543548418658601040e+00
3.501954519622587192e+00
3.459703145796930723e+00
3.416859832818018194e+00
3.373488164602406414e+00
3.329649718139508163e+00
3.285404019230090178e+00
3.240808508529405163e+00
3.195918517252529512e+00
3.150787251895418084e+00
3.105465787326928684e+00
3.060003067622313111e+00
3.014445914016939287e+00
2.968839039376833355e+00
2.923225068598049425e+00
2.877644564370701818e+00
2.832136057763449344e+00
2.786736083103701134e+00
2.741479216661884877e+00
2.696398118667719057e+00
2.651523578214561194e+00
2.606884560632872105e+00
2.562508256942079399e+00
2.518420135013031746e+00
2.474643992097815381e+00
2.431202008413178017e+00
2.388114801485200722e+00
2.345401480987127751e+00
2.303079703824729929e+00
2.261165729245998790e+00
2.219674473771497070e+00
2.178619565760514298e+00
2.138013399450936269e+00
2.097867188325485355e+00
2.058191017674746437e+00
2.018993896242865294e+00
1.980283806856852236e+00
1.942067755953460262e+00
1.904351821929441080e+00
1.867141202255754084e+00
1.830440259304931594e+00
1.794252564850975062e+00
1.758580943211683456e+00
1.723427513010385326e+00
1.688793727541762602e+00
1.654680413732983135e+00
1.621087809699042870e+00
1.588015600896555357e+00
1.555462954883662485e+00
1.523428554700401838e+00
1.491910630885281863e+00
1.460906992149984207e+00
1.430415054734434532e+00
1.400431870469018625e+00
1.370954153572885525e+00
1.341978306216982775e+00
1.313500442885524588e+00
1.285516413567493466e+00
1.258021825812227101e+00
1.231012065684479184e+00
1.204482317652895151e+00
1.178427583449018767e+00
1.152842699931307280e+00
1.127722355990118830e+00
1.103061108529620249e+00
1.078853397560432192e+00
1.055093560439509970e+00
1.031775845290404225e+00
1.008894423637972215e+00
9.864434022911057198e-01
9.644168345046980617e-01
9.428087304538034230e-01
9.216130670499017574e-01
9.008237971296187974e-01
8.804348580454367523e-01
8.604401796856534501e-01
8.408336919522869657e-01
8.216093317224240078e-01
8.027610493187787855e-01
7.842828145148137420e-01
7.661686220971710704e-01
7.484124970094284679e-01
7.310084990983801712e-01
7.139507274844996143e-01
6.972333245764108511e-01
6.808504797491577998e-01
6.647964327049976641e-01
6.490654765344328059e-01
6.336519604946465600e-01
6.185502925213756109e-01
6.037549414902699807e-01
5.892604392421350035e-01
5.750613823862905649e-01
5.611524338959692493e-01
5.475283245081060679e-01
5.341838539401918551e-01
5.211138919354172394e-01
5.083133791474391261e-01
4.957773278751255730e-01
4.835008226569096346e-01
4.714790207350462170e-01
4.597071523980277297e-01
4.481805212099395086e-01
4.368945041347000457e-01
4.258445515626114730e-01
4.150261872467668200e-01
4.044350081555993515e-01
3.940666842485950339e-01
3.839169581809714904e-01
3.739816449427321166e-01
3.642566314380325521e-01
3.547378760094557770e-01
3.454214079122431835e-01
3.363033267426903672e-01
3.273798018253474273e-01
3.186470715628770822e-01
3.101014427520644712e-01
3.017392898698387782e-01
2.935570543321654458e-01
2.855512437292420103e-01
2.777184310396871303e-01
2.700552538266001168e-01
2.625584134180294349e-01
2.552246740738853270e-01
2.480508621418763826e-01
2.410338652043595709e-01
2.341706312178949145e-01
2.274581676475260494e-01
2.208935405972961563e-01
2.144738739386715387e-01
2.081963484381823271e-01
2.020582008856161293e-01
1.960567232240957858e-01
1.901892616828870231e-01
1.844532159142630856e-01
1.788460381354305961e-01
1.733652322762093689e-01
1.680083531333879943e-01
1.627730055324091707e-01
1.576568434971350741e-01
1.526575694282858164e-01
1.477729332911039140e-01
1.430007318128563298e-01
1.383388076905213149e-01
1.337850488090936429e-01
1.293373874709678184e-01
1.249937996366843329e-01
1.207523041770432043e-01
1.166109621374506466e-01
1.125678760141659573e-01
1.086211890430111432e-01
1.047690845005888327e-01
1.010097850179026424e-01
9.734155190704338323e-02
9.376268450035987745e-02
9.027151950277709225e-02
8.686643035712994509e-02
8.354582662222763412e-02
8.030815336430802143e-02
7.715189056119541033e-02
7.407555251967247456e-02
7.107768730583184646e-02
6.815687618816339277e-02
6.531173309389487480e-02
6.254090407804473173e-02
5.984306680520933702e-02
5.721693004433157231e-02
5.466123317575836277e-02
5.217474571115758575e-02
4.975626682583534494e-02
4.740462490335256573e-02
4.511867709269933024e-02
4.289730887727107728e-02
4.073943365627747532e-02
3.864399233798639088e-02
3.660995294469687050e-02
3.463631022978207880e-02
3.272208530598712944e-02
3.086632528557864061e-02
2.906810293177458995e-02
2.732651632140813830e-02
2.564068851889294773e-02
2.400976726103454251e-02
2.243292465299720831e-02
2.090935687504391974e-02
1.943828389988934077e-02
1.801894922079946143e-02
1.665061958999479452e-02
1.533258476758087019e-02
1.406415728069264175e-02
1.284467219269102255e-02
1.167348688260711788e-02
1.054998083428856405e-02
9.473555435581017259e-03
8.443633787210788610e-03
7.459660521158374170e-03
6.521101628768674781e-03
5.627444298088895257e-03
4.778196760758512789e-03
3.972888148127761733e-03
3.211068356374727553e-03
2.492307920972539580e-03
1.816197899860857350e-03
1.182349765758849199e-03
5.903953073037624755e-04
3.998653876673300892e-05
-4.692043812777177609e-04
-9.374852229562880349e-04
-1.365143749344787912e-03
-1.752447772223555359e-03
-2.099645199736815439e-03
-2.406964075266793384e-03
-2.674612608442013175e-03
-2.902779197679217042e-03
-3.091632444487046969e-03
-3.241321160101167265e-03
-3.351974363502794891e-03
-3.423701271963502848e-03
-3.456591283342844590e-03
-3.450713950426921844e-03
-3.406118947887354625e-03
-3.322836030829812246e-03
-3.200874986158411695e-03
-3.040225575934560592e-03
-2.840857472989466188e-03
-2.602720189385534805e-03
-2.325742996862409026e-03
-2.009834839841691256e-03
-1.654884241302877765e-03
-1.260759200611450597e-03
-8.273070846532074030e-04
-3.543545110907510222e-04
1.582927756010621162e-04
7.108500350047123034e-04
1.303553669498276092e-03
1.936661369448009189e-03
2.610452266079458464e-03
3.325227091362332240e-03
4.081308344555239880e-03
4.879040466430953175e-03
5.718790019697015357e-03
6.600945876885374632e-03
7.525919414989984922e-03
8.494144716583124782e-03
9.506078778183754685e-03
1.056220172478490073e-02
1.166301703138511101e-02
1.280905175107576247e-02
1.400085674923384586e-02
1.523900694470466284e-02
1.652410155675132150e-02
1.785676435869325285e-02
1.923764393771196235e-02
2.066741396035313635e-02
2.214677344462476910e-02
2.367644703739889278e-02
2.525718529803838361e-02
2.688976498771518051e-02
2.857498936388027516e-02
3.031368848080975148e-02
3.210671949483520637e-02
3.395496697519214541e-02
3.585934321992567675e-02
3.782078857620893575e-02
3.984027176604650056e-02
4.191879021588010290e-02
4.405737039097963603e-02
4.625706813405448120e-02
4.851896900730170298e-02
5.084418863893898355e-02
5.323387307254436041e-02
5.568919912015130730e-02
5.821137471843389893e-02
6.080163928708520044e-02
6.346126409044053340e-02
6.619155260054630785e-02
6.899384086255563875e-02
7.186949786181498490e-02
7.481992589134615901e-02
7.784656092127197058e-02
8.095087296769151730e-02
8.413436646209290770e-02
8.739858062062075272e-02
9.074508981162519861e-02
9.417550392302986850e-02
9.769146872697369310e-02
1.012946662426488648e-01
1.049868150964961416e-01
1.087696708781259319e-01
1.126450264931580930e-01
1.166147125110226085e-01
1.206805975071741643e-01
1.248445884002148676e-01
1.291086307812413514e-01
1.334747092365483612e-01
1.379448476620608321e-01
1.425211095679525808e-01
1.472055983745926000e-01
1.520004576964040788e-01
1.569078716149090724e-01
1.619300649390212898e-01
1.670693034507441943e-01
1.723278941373160011e-01
1.777081854061377530e-01
1.832125672835279995e-01
1.888434715950983722e-01
1.946033721258302596e-01
2.004947847604082178e-01
2.065202676001224591e-01
2.126824210568221685e-01
2.189838879217047285e-01
2.254273534065346640e-01
2.320155451576557393e-01
2.387512332388432856e-01
2.456372300831465294e-01
2.526763904110340131e-01
2.598716111121446293e-01
2.672258310907657530e-01
2.747420310705559476e-01
2.824232333583682197e-01
2.902725015642493855e-01
2.982929402743421110e-01
3.064876946763471222e-01
3.148599501326896366e-01
3.234129317008894167e-01
3.321499035976402947e-01
3.410741686028301856e-01
3.501890674030311845e-01
3.594979778687385497e-01
3.690043142643896767e-01
3.787115263872362081e-01
3.886230986307157020e-01
3.987425489713319338e-01
4.090734278726643192e-01
4.196193171053405613e-01
4.303838284781155710e-01
4.413706024749486367e-01
4.525833067968377810e-01
4.640256348012567478e-01
4.757013038370828117e-01
4.876140534699223705e-01
4.997676435922946969e-01
5.121658524162432391e-01
5.248124743404395387e-01
5.377113176892520663e-01
5.508662023180953549e-01
5.642809570783647866e-01
5.779594171391647661e-01
5.919054211574027446e-01
6.061228082924854377e-01
6.206154150591145502e-01
6.353870720112768655e-01
6.504416002531303587e-01
6.657828077688646706e-01
6.814144855651061983e-01
6.973404036210887336e-01
7.135643066370902510e-01
7.300899095763792035e-01
7.469208929929441743e-01
7.640608981366520114e-01
7.815135218312465604e-01
7.992823111149740534e-01
8.173707576387005957e-01
8.357822918125261680e-01
8.545202766922135318e-01
8.735880016006629667e-01
8.929886754735865129e-01
9.127254199235400600e-01
9.328012620136960642e-01
9.532191267324247042e-01
9.739818291630282232e-01
9.950920663378883813e-01
1.016552408771532301e+00
1.038365291663845280e+00
1.060533005764420222e+00
1.083057687893647758e+00
1.105941311110125058e+00
1.129185674518721871e+00
1.152792392711614378e+00
1.176762884834549938e+00
1.201098363274937020e+00
1.225799821962284764e+00
1.250868024277935309e+00
1.276303490568061694e+00
1.302106485253240242e+00
1.328277003534027445e+00
1.354814757686111371e+00
1.381719162944506030e+00
1.408989322973707825e+00
1.436624014922004422e+00
1.464621674063251611e+00
1.492980378022688681e+00
1.521697830592031453e+00
1.550771345136344292e+00
1.580197827596204752e+00
1.609973759094565748e+00
1.640095178153176958e+00
1.670557662530784748e+00
1.701356310692256679e+00
1.732485722921927040e+00
1.763939982100038550e+00
1.795712634156489074e+00
1.827796668224897614e+00
1.860184496519455388e+00
1.892867933958963356e+00
1.925838177568640175e+00
1.959085785689727244e+00
1.992600657034074185e+00
2.026372009621830284e+00
2.060388359643056777e+00
2.094637500292872989e+00
2.129106480628208509e+00
2.163781584501414557e+00
2.198648309630268916e+00
2.233691346867531902e+00
2.268894559740635586e+00
2.304240964333746700e+00
2.339712709593071871e+00
2.375291058139580525e+00
2.410956367677698164e+00
2.446688073098009841e+00
2.482464669376091226e+00
2.518263695373540223e+00
2.554061718657890889e+00
2.589834321460385169e+00
2.625556087899005853e+00
2.661200592598869541e+00
2.696740390848553659e+00
2.732147010440036716e+00
2.767390945342008468e+00
2.802441651364937059e+00
2.837267543981535578e+00
2.871835998469749018e+00
2.906113352553395757e+00
2.940064911718908824e+00
2.973654957391440146e+00
3.006846758156184851e+00
3.039602584214167180e+00
3.071883725267182008e+00
3.103650512023871322e+00
3.134862341520844087e+00
3.165477706451858886e+00
3.195454228697238719e+00
3.224748697243640994e+00
3.253317110679283086e+00
3.281114724443803254e+00
3.308096103002081900e+00
3.334215177104612238e+00
3.359425306287075585e+00
3.383679346748753591e+00
3.406929724730988873e+00
3.429128515500163843e+00
3.450227528024314427e+00
3.470178395407079730e+00
3.488932671121656170e+00
3.506441931055920502e+00
3.522657881351775710e+00
3.537532471994048411e+00
3.551018016067408301e+00
3.563067314569263289e+00
3.573633786617957497e+00
3.582671604858321146e+00
3.590135835828943911e+00
3.595982585006593624e+00
3.600169146203914927e+00
3.602654154939641362e+00
3.603397745357534987e+00
3.602361710225310265e+00
3.599509663491813782e+00
3.594807204840004822e+00
3.588222085615860646e+00
3.579724375473942732e+00
3.569286629040665293e+00
3.556884051851806561e+00
3.542494664788925718e+00
3.526099466196372045e+00
3.507682590838089531e+00
3.487231464831962668e+00
3.464736955677748309e+00
3.440193516488414982e+00
3.413599323519886930e+00
3.384956406102578974e+00
3.354270768084760768e+00
3.321552499912293843e+00
3.286815880492109709e+00
3.250079468016139117e+00
3.211366178957904438e+00
3.170703354498594084e+00
3.128122813687640225e+00
3.083660892691889810e+00
3.037358469549889417e+00
2.989260973906857188e+00
2.939418381269766734e+00
2.887885191384447214e+00
2.834720390393007605e+00
2.779987396495906538e+00
2.723753988884633159e+00
2.666092219747296266e+00
2.607078309180866693e+00
2.546792522848069229e+00
2.485319032229699410e+00
2.422745757313940818e+00
2.359164191581930137e+00
2.294669209190866699e+00
2.229358854382736954e+00
2.163334113424218330e+00
2.096698669812055105e+00
2.029558644112334331e+00
1.962022320622080596e+00
1.894199863926808947e+00
1.826203029188739224e+00
1.758144870287522199e+00
1.690139449448686548e+00
1.622301550467978748e+00
1.554746394947148724e+00
1.487589357217009800e+00
1.420945668969890274e+00
1.354930099345710737e+00
1.289656590582022533e+00
1.225237823896313083e+00
1.161784686537224776e+00
1.099405612433816515e+00
1.038205782346735884e+00
9.782862049833946916e-01
9.197427679124889899e-01
8.626654430345825908e-01
8.071379185641516241e-01
7.532379178462014213e-01
7.010382393457869066e-01
6.506080919135526219e-01
6.020138381539318351e-01
5.553182447334382710e-01
5.105780201612272196e-01
4.678404157137207031e-01
4.271401994050376127e-01
3.884980073445904458e-01
3.519202967135999782e-01
3.174004895453019781e-01
2.849206930855791020e-01
2.544535050990939795e-01
2.259636355469390179e-01
1.994092556356847901e-01
1.747430846981014030e-01
1.519132629539097501e-01
1.308640623032307493e-01
1.115364783315693220e-01
9.386873536569546872e-02
7.779672686430352813e-02
6.325440665203248269e-02
5.017414224440727710e-02
3.848703917553943782e-02
2.812324426742681890e-02
1.901223576563659812e-02
1.108310888811818266e-02
4.264866333809540742e-03
-1.513275511926214867e-03
-6.321552773168581489e-03
-1.022927997339246817e-02
-1.330442293033514030e-02
-1.561310762872557788e-02
-1.721905872704038512e-02
-1.818297104737494341e-02
-1.856183436246350640e-02
-1.840825789947886024e-02
-1.776987411642911088e-02
-1.668892775568689771e-02
-1.520214633937832550e-02
-1.334089968006706498e-02
-1.113147373101194479e-02
-8.595097753548422773e-03
-5.747383232081130361e-03
