-2.689726892695832542e-03
2.221961663880508888e-03
7.749722494543726838e-03
1.394556765095981109e-02
2.088174473330695752e-02
2.864372420810063977e-02
3.732591693745443417e-02
4.702979882599981482e-02
5.786339626485468429e-02
6.994129473878081538e-02
8.338468938914088413e-02
9.832124025251513799e-02
1.148846146600816520e-01
1.332136440581422610e-01
1.534510405132112065e-01
1.757416411994612016e-01
2.002301881167123376e-01
2.270586979996457588e-01
2.563635182532403300e-01
2.882721916842168053e-01
3.229002753506347023e-01
3.603482978490344379e-01
4.006991123484132666e-01
4.440160105247535904e-01
4.903420801381848659e-01
5.397013572667342940e-01
5.921022459068225885e-01
6.475433331944698834e-01
7.060210402728498424e-01
7.675376000310938363e-01
8.321070148603718630e-01
8.997565988050938435e-01
9.705229464178297683e-01
1.044443149558303086e+00
1.121543629925908281e+00
1.201829244258733276e+00
1.285274478430989742e+00
1.371817355189709042e+00
1.461355818507046767e+00
1.553746050460297567e+00
1.648802285837709602e+00
1.746297951409037541e+00
1.845968146196988124e+00
1.947513472565663761e+00
2.050605026122610308e+00
2.154890080692899890e+00
2.259997846641665031e+00
2.365544749817094505e+00
2.471138933223521850e+00
2.576383975185147168e+00
2.680882012454705698e+00
2.784236513348160358e+00
2.886054902529568977e+00
2.985951156860287448e+00
3.083548415019858435e+00
3.178481590648960076e+00
3.270399950007072842e+00
3.358969604024281796e+00
3.443875864022599487e+00
3.524825415066854983e+00
3.601548267768887257e+00
3.673799456801823737e+00
3.741360461748128863e+00
3.804040332945554770e+00
3.861676511721244598e+00
3.914135340786495831e+00
3.961312266610848454e+00
4.003131741239985608e+00
4.039546836189401802e+00
4.070538585651624963e+00
4.096115080197351155e+00
4.116310335388608799e+00
4.131182962182863960e+00
4.140814667712419350e+00
4.145308615964012233e+00
4.144787678119465468e+00
4.139392601901395352e+00
4.129280128277819095e+00
4.114621082405212960e+00
4.095598463811595202e+00
4.072405558645566970e+00
4.045244094412350222e+00
4.014322455084090358e+00
3.979853971870851659e+00
3.942055302344436019e+00
3.901144908072557538e+00
3.857341638495318747e+00
3.810863426496807094e+00
3.761926099019617720e+00
3.710742304161256833e+00
3.657520554488766784e+00
3.602464384821673971e+00
3.545771621457844081e+00
3.487633758751217172e+00
3.428235438084191955e+00
3.367754023598036550e+00
3.306359268539664331e+00
3.244213065734161905e+00
3.181469275485270920e+00
3.118273624121585819e+00
3.054763666430763358e+00
2.991068805337063985e+00
2.927310362366759566e+00
2.863601692697089973e+00
2.800048338881547583e+00
2.736748217678945050e+00
2.673791834772038634e+00
2.611262522535425568e+00
2.549236696396582236e+00
2.487784125715740036e+00
2.426968215488103375e+00
2.366846295542215817e+00
2.307469914261388588e+00
2.248885134196870084e+00
2.191132827258194471e+00
2.134248967472189840e+00
2.078264919575876224e+00
2.023207721973553586e+00
1.969100362820848993e+00
1.915962048218965430e+00
1.863808461695710905e+00
1.812652014328752337e+00
1.762502085023252230e+00
1.713365250595549449e+00
1.665245505442053409e+00
1.618144470674058866e+00
1.572061592700646937e+00
1.526994331317113707e+00
1.482938337427835318e+00
1.439887620589997974e+00
1.397834706612990141e+00
1.356770785487267039e+00
1.316685849947843767e+00
1.277568825003543074e+00
1.239407688779276651e+00
1.202189585033516694e+00
1.165900927720466163e+00
1.130527497970702289e+00
1.096054533865337577e+00
1.062466813375131824e+00
1.029748730833135895e+00
9.978843673004201831e-01
9.668575551784097666e-01
9.366519374082402649e-01
9.072510215895378538e-01
8.786382293372132501e-01
8.507969411829982009e-01
8.237105373158588595e-01
7.973624344413341447e-01
7.717361190279617977e-01
7.468151771939890438e-01
7.225833214765877699e-01
6.990244147104098804e-01
6.761224912319000468e-01
6.538617756120285174e-01
6.322266991087654997e-01
6.112019140190018129e-01
5.907723060983258723e-01
5.709230052067582051e-01
5.516393943278137257e-01
5.329071170994185147e-01
5.147120839847793006e-01
4.970404772035478813e-01
4.798787545348256467e-01
4.632136520956340875e-01
4.470321861913036376e-01
4.313216543269327574e-01
4.160696354627577143e-01
4.012639895896921161e-01
3.868928566961885585e-01
3.729446551910932106e-01
3.594080798430575596e-01
3.462720992917315277e-01
3.335259531816825995e-01
3.211591489658402465e-01
3.091614584213977501e-01
2.975229139174899173e-01
2.862338044705103335e-01
2.752846716202612676e-01
2.646663051566305325e-01
2.543697387242519481e-01
2.443862453300202353e-01
2.347073327759238159e-01
2.253247390378830539e-01
2.162304276090057653e-01
2.074165828238231923e-01
1.988756051787035350e-01
1.906001066620927609e-01
1.825829061064727088e-01
1.748170245729556704e-01
1.672956807783176347e-01
1.600122865727599542e-01
1.529604424762285031e-01
1.461339332798853030e-01
1.395267237184072417e-01
1.331329542183824488e-01
1.269469367271734428e-01
1.209631506259103845e-01
1.151762387297503576e-01
1.095810033783075066e-01
1.041724026182066637e-01
9.894554647964785843e-02
9.389569334841299519e-02
8.901824643416873795e-02
8.430875033608431490e-02
7.976288770603000289e-02
7.537647600964361705e-02
7.114546438513345838e-02
6.706593059990688388e-02
6.313407810435311962e-02
5.934623318239592299e-02
5.569884219825186472e-02
5.218846893837068152e-02
4.881179204802073984e-02
4.556560256130776781e-02
4.244680152380225086e-02
3.945239770643329397e-02
3.657950540997679384e-02
3.382534235854279397e-02
3.118722768101936382e-02
2.866257997946377797e-02
2.624891548285775492e-02
2.394384628540229334e-02
2.174507866774154016e-02
1.965041150024386674e-02
1.765773472677915207e-02
1.576502792823066337e-02
1.397035896409259091e-02
1.227188269124597844e-02
1.066783975891356755e-02
9.156555478251832483e-03
7.736438766001228588e-03
6.405981160678171117e-03
5.163755910688956445e-03
4.008417132938440867e-03
2.938699041488994444e-03
1.953415244838199640e-03
1.051458111119146993e-03
2.317982006273559478e-04
-5.065162357522024145e-04
-1.164359692395972165e-03
-1.742529780364990332e-03
-2.241747534634658257e-03
-2.662657658404334222e-03
-3.005828704563491636e-03
-3.271753195472973386e-03
-3.460847681466476099e-03
-3.573452738413819205e-03
-3.609832905582636108e-03
-3.570176563559572264e-03
-3.454595753462891446e-03
-3.263125937289587056e-03
-2.995725700613688022e-03
-2.652276397366027955e-03
-2.232581737765607695e-03
-1.736367319620125017e-03
-1.163280103123903774e-03
-5.128878303807945724e-04
2.153216108252037385e-04
1.021940877789398938e-03
1.907643918449730214e-03
2.873186770457072936e-03
3.919408414211669398e-03
5.047231678706525990e-03
6.257664199861638979e-03
7.551799431214359891e-03
8.930817705579258831e-03
1.039598734819027412e-02
1.194866583969293045e-02
1.359030102917371460e-02
1.532243239563473025e-02
1.714669235826897856e-02
1.906480763376002321e-02
2.107860064009525400e-02
2.318999094633206540e-02
2.540099676635523482e-02
2.771373649677578294e-02
3.013043029658912450e-02
3.265340170827658872e-02
3.528507931796946717e-02
3.802799845435660131e-02
4.088480292372876496e-02
4.385824677954303086e-02
4.695119612528372149e-02
5.016663094752492336e-02
5.350764697814349574e-02
5.697745758191246485e-02
6.057939566819733890e-02
6.431691562295113740e-02
6.819359525901567964e-02
7.221313778032652231e-02
7.637937375708046817e-02
8.069626310891456211e-02
8.516789709047561940e-02
8.979850027679055213e-02
9.459243254211889551e-02
9.955419102888446448e-02
1.046884121002689960e-01
1.099998732719023320e-01
1.154934951153154116e-01
1.211743431272906679e-01
1.270476295591302374e-01
1.331187151968198090e-01
1.393931110855080591e-01
1.458764801888185192e-01
1.525746389758515231e-01
1.594935589245759233e-01
1.666393679325586796e-01
1.740183516236318562e-01
1.816369545399115493e-01
1.895017812074246133e-01
1.976195970604280594e-01
2.059973292130930222e-01
2.146420670631284666e-01
2.235610627126457528e-01
2.327617311893306062e-01
2.422516504513047841e-01
2.520385611569604389e-01
2.621303661819217590e-01
2.725351298629936081e-01
2.832610769451363586e-01
2.943165912118266836e-01
3.057102137741350423e-01
3.174506409943327889e-01
3.295467220149222998e-01
3.420074558678775078e-01
3.548419881351449479e-01
3.680596071287287607e-01
3.816697395575332497e-01
3.956819456467232654e-01
4.101059136777217007e-01
4.249514539077866027e-01
4.402284918306395012e-01
4.559470607370084139e-01
4.721172935353752376e-01
4.887494137844636266e-01
5.058537258918636148e-01
5.234406044310933037e-01
5.415204825254175125e-01
5.601038392442835301e-01
5.792011859584020872e-01
5.988230515969240608e-01
6.189799667435870179e-01
6.396824465161986550e-01
6.609409721598699106e-01
6.827659712899359912e-01
7.051677967190225216e-01
7.281567037909352225e-01
7.517428261563154912e-01
7.759361499112354954e-01
8.007464860232231807e-01
8.261834409692014880e-01
8.522563855029920976e-01
8.789744214725084825e-01
9.063463466061738583e-01
9.343806171814874606e-01
9.630853084956227939e-01
9.924680730549162444e-01
1.022536096396718275e+00
1.053296050460923006e+00
1.084754044434590448e+00
1.116915572983878890e+00
1.149785461797608432e+00
1.183367810371127149e+00
1.217665931952734315e+00
1.252682290593775338e+00
1.288418435241818427e+00
1.324874930818582985e+00
1.362051286250822058e+00
1.399945879407212157e+00
1.438555878924407505e+00
1.477877162913210363e+00
1.517904234540570219e+00
1.558630134518624422e+00
1.600046350533254724e+00
1.642142723673396754e+00
1.684907351950481580e+00
1.728326491011582311e+00
1.772384452185514103e+00
1.817063498034550362e+00
1.862343735618557261e+00
1.908203007705227883e+00
1.954616782223350890e+00
2.001558040282827911e+00
2.048997163140779509e+00
2.096901818553202901e+00
2.145236846994637681e+00
2.193964148299188288e+00
2.243042569342190706e+00
2.292427793440699801e+00
2.342072232239331253e+00
2.391924920915279529e+00
2.441931417618614208e+00
2.492033708152674443e+00
2.542170116979193928e+00
2.592275225730048760e+00
2.642279800491371233e+00
2.692110729227735089e+00
2.741690970798120741e+00
2.790939517109868984e+00
2.839771370047645238e+00
2.888097534903734331e+00
2.935825032095765064e+00
2.982856929058407935e+00
3.029092394240541442e+00
3.074426775182438121e+00
3.118751702724812613e+00
3.161955223363604794e+00
3.203921961801166951e+00
3.244533315726017886e+00
3.283667684741118808e+00
3.321200735365294587e+00
3.357005703857051770e+00
3.390953738457384681e+00
3.422914282522028007e+00
3.452755499677421458e+00
3.480344741930329722e+00
3.505549061320459625e+00
3.528235765251318767e+00
3.548273015326003144e+00
3.565530468951964238e+00
3.579879962468237586e+00
3.591196233952927308e+00
3.599357683359143856e+00
3.604247166806362479e+00
3.605752821298632949e+00
3.603768915425157982e+00
3.598196720783714220e+00
3.588945398333323045e+00
3.575932893066601004e+00
3.559086829766101800e+00
3.538345402090818492e+00
3.513658246565189103e+00
3.484987292705990392e+00
3.452307580150325794e+00
3.415608033373459751e+00
3.374892184575290610e+00
3.330178835280227290e+00
3.281502647411402851e+00
3.228914654938497275e+00
3.172482687638095378e+00
3.112291699149710045e+00
3.048443992215897680e+00
2.981059334817225626e+00
2.910274961845726871e+00
2.836245457824204674e+00
2.759142517113519322e+00
2.679154578858405245e+00
2.596486334456271639e+00
2.511358105836430266e+00
2.424005092885177515e+00
2.334676488365796221e+00
2.243634459225456901e+00
2.151152994561845500e+00
2.057516624734674338e+00
1.963019023794069895e+00
1.867961518377894148e+00
1.772651538472652000e+00
1.677401051259609810e+00
1.582525010966572498e+00
1.488339828287623678e+00
1.395161810904925526e+00
1.303305457437502035e+00
1.213081407288584046e+00
1.124793775714906685e+00
1.038736593181698753e+00
9.551892656671285842e-01
8.744116181144154787e-01
7.966402561575868235e-01
7.220888502694563504e-01
6.509532709942995599e-01
5.834170962112524839e-01
5.196489909426871279e-01
4.597889919168203776e-01
4.039319320615840647e-01
3.521188225616425638e-01
3.043389505358215508e-01
2.605381833060103625e-01
2.206283126844653664e-01
1.844948880928025670e-01
1.520031133167279169e-01
1.230022134281430340e-01
9.732876798680774322e-02
7.480937246879247604e-02
5.526285415210094309e-02
3.850218251370757933e-02
2.433617196421117290e-02
1.257106200255543073e-02
3.012064385206939757e-03
-4.535019247269587127e-03
-1.026198922556264929e-02
-1.435611788000044561e-02
-1.699757470869329642e-02
-1.835634006571821436e-02
-1.858869417986419581e-02
-1.783367294762245106e-02
-1.621030111050869235e-02
-1.381657982531858328e-02
-1.073029787956506810e-02
-7.009528037493151925e-03
