4.050554938265185537e-04
1.848579986124500654e-02
3.904573998456269818e-02
6.230088122545078544e-02
8.854780156601040064e-02
1.181435474901672833e-01
1.514911731940074557e-01
1.890323068657882299e-01
2.312450744309234585e-01
2.786451052679676521e-01
3.317878304231612341e-01
3.912709504607089772e-01
4.577364457004565734e-01
5.318717978757830922e-01
6.144102278310388243e-01
7.061297855169150761e-01
8.078511148527516283e-01
9.204336863815624215e-01
1.044770291726731637e+00
1.181779628655124981e+00
1.332396888790780443e+00
1.497562363278959641e+00
1.678208188886213481e+00
1.875243443088862705e+00
2.089537854109063453e+00
2.321904448717396541e+00
2.573081544065584314e+00
2.843714648623725250e+00
3.134339094991944297e+00
3.445364587801416967e+00
3.777063293032423275e+00
4.129563557548063812e+00
4.502851732329295587e+00
4.896784712410072515e+00
5.311115484750529525e+00
5.745532891577931345e+00
6.199714737607438408e+00
6.673390135442103244e+00
7.166402766848770867e+00
7.678762091857878502e+00
8.210666331619131952e+00
8.762483500398202452e+00
9.334686107792277809e+00
9.927746993965804734e+00
1.054201460478287622e+01
1.117759139805109747e+01
1.183423554498139296e+01
1.251129641668105918e+01
1.320768406727392197e+01
1.392186595000440263e+01
1.465188148933546053e+01
1.539536591907308249e+01
1.614957756276636403e+01
1.691142597944715575e+01
1.767750118990897690e+01
1.844410594434442174e+01
1.920729357936626158e+01
1.996291342311442563e+01
2.070666415565300866e+01
2.143415337493867057e+01
2.214095954442126057e+01
2.282269124842875385e+01
2.347503886705455756e+01
2.409381546126329710e+01
2.467498616721863769e+01
2.521468787793866184e+01
2.570924253414275640e+01
2.615516768331688269e+01
2.654918730027561580e+01
2.688824463974160750e+01
2.716951769180305476e+01
2.739043687201461807e+01
2.754870404877222967e+01
2.764231182857455593e+01
2.766956204655158302e+01
2.762908258603522071e+01
2.751984184270534683e+01
2.734116034393032990e+01
2.709271920391153188e+01
2.677456521787078714e+01
2.638711250975434552e+01
2.593114072114671487e+01
2.540778979436057838e+01
2.481855145304751531e+01
2.416525752581847897e+01
2.345006529759517377e+01
2.267544010459922887e+01
2.184413541990078400e+01
2.095917070055621068e+01
2.002380729017579597e+01
1.904152268739396803e+01
1.801598350289976125e+01
1.695101743503551717e+01
1.585058459616582915e+01
1.471874851854480504e+01
1.355964715995694370e+01
1.237746421703743671e+01
1.117640103581523192e+01
9.960649388843611618e+00
8.734365363123393067e+00
7.501644576988972801e+00
6.266498915129682601e+00
5.032834941119739725e+00
3.804434117843128682e+00
2.584934934410121343e+00
1.377817009740550436e+00
1.863872143049132291e-01
-9.862321752672558173e-01
-2.137113298674228279e+00
-3.263530544994571070e+00
-4.362966449475923270e+00
-5.433115726600750151e+00
-6.471887526788549394e+00
-7.477406017197678167e+00
-8.448009398152702687e+00
-9.382247474736592707e+00
-1.027887790906637200e+01
-1.113686128245442930e+01
-1.195535509889299242e+01
-1.273370686077074687e+01
-1.347144634634478422e+01
-1.416827721516382255e+01
-1.482406806364679319e+01
-1.543884304711214206e+01
-1.601277217893204252e+01
-1.654616141054142275e+01
-1.703944258789602983e+01
-1.749316337313714342e+01
-1.790797721153720090e+01
-1.828463341623439931e+01
-1.862396743499378715e+01
-1.892689135549094814e+01
-1.919438469838031125e+01
-1.942748553910375264e+01
-1.962728199327783685e+01
-1.979490409368150239e+01
-1.993151608027176280e+01
-2.003830911963174088e+01
-2.011649446475687242e+01
-2.016729706122772114e+01
-2.019194960149654250e+01
-2.019168702515236902e+01
-2.016774146011056956e+01
-2.012133759606869887e+01
-2.005368847945457489e+01
-1.996599171716622578e+01
-1.985942607395869786e+01
-1.973514844739914054e+01
-1.959429120302046812e+01
-1.943795985158804029e+01
-1.926723104960314004e+01
-1.908315090394405900e+01
-1.888673356160655104e+01
-1.867896006510441964e+01
-1.846077745448901908e+01
-1.823309809738523413e+01
-1.799679922870111426e+01
-1.775272268230248685e+01
-1.750167479757743294e+01
-1.724442648455691085e+01
-1.698171343179128101e+01
-1.671423644195495939e+01
-1.644266188121122951e+01
-1.616762222893174084e+01
-1.588971671520831741e+01
-1.560951203456232328e+01
-1.532754312486116710e+01
-1.504431400126854612e+01
-1.476029863587030633e+01
-1.447594187434543933e+01
-1.419166038183764833e+01
-1.390784361060785379e+01
-1.362485478306543385e+01
-1.334303188420045849e+01
-1.306268865790215905e+01
-1.278411560247145928e+01
-1.250758096092478056e+01
-1.223333170238384504e+01
-1.196159449108537665e+01
-1.169257664021168530e+01
-1.142646704787736844e+01
-1.116343711313012754e+01
-1.090364163012963949e+01
-1.064721965893276057e+01
-1.039429537169552376e+01
-1.014497887317628511e+01
-9.899366994867495606e+00
-9.657544062148849306e+00
-9.419582634033101698e+00
-9.185544215389807476e+00
-8.955479941491807594e+00
-8.729431235011519519e+00
-8.507430435657871826e+00
-8.289501402718133960e+00
-8.075660090942465175e+00
-7.865915100150168371e+00
-7.660268199145033208e+00
-7.458714824515078945e+00
-7.261244554908785176e+00
-7.067841561543481532e+00
-6.878485035555899962e+00
-6.693149592945118798e+00
-6.511805657863287244e+00
-6.334419824970961344e+00
-6.160955201686904914e+00
-5.991371731013907187e+00
-5.825626495749037126e+00
-5.663674004821668717e+00
-5.505466462466944044e+00
-5.350954021059980192e+00
-5.200085018259380298e+00
-5.052806199200594151e+00
-4.909062924400333650e+00
-4.768799364135650976e+00
-4.631958679829978109e+00
-4.498483193209211528e+00
-4.368314543761275814e+00
-4.241393835101473719e+00
-4.117661770898118689e+00
-3.997058780814676027e+00
-3.879525137128855050e+00
-3.765001062407628218e+00
-3.653426828785220515e+00
-3.544742849380305927e+00
-3.438889762201993161e+00
-3.335808507101393428e+00
-3.235440396064328983e+00
-3.137727177295301040e+00
-3.042611093487280982e+00
-2.950034934581940771e+00
-2.859942085445574378e+00
-2.772276568722828127e+00
-2.686983083146313511e+00
-2.604007037700815097e+00
-2.523294581833232186e+00
-2.444792632015878819e+00
-2.368448894887462686e+00
-2.294211887181330844e+00
-2.222030952750418731e+00
-2.151856276809483770e+00
-2.083638897672455581e+00
-2.017330716115517841e+00
-1.952884502534678379e+00
-1.890253902089478411e+00
-1.829393438007540951e+00
-1.770258513205529960e+00
-1.712805410286263097e+00
-1.656991290113541515e+00
-1.602774189053965959e+00
-1.550113015033165675e+00
-1.498967542507071204e+00
-1.449298406373980219e+00
-1.401067095026658382e+00
-1.354235942600676701e+00
-1.308768120457266759e+00
-1.264627628021845362e+00
-1.221779283006179773e+00
-1.180188711148735914e+00
-1.139822335502085338e+00
-1.100647365288033308e+00
-1.062631784417107816e+00
-1.025744339687098217e+00
-9.899545287758331202e-01
-9.552325880201473218e-01
-9.215494799909863533e-01
-8.888768809534138837e-01
-8.571871682027717432e-01
-8.264534073773031064e-01
-7.966493397328149317e-01
-7.677493693646407769e-01
-7.397285504586917915e-01
-7.125625745508841202e-01
-6.862277578786025733e-01
-6.607010288119317121e-01
-6.359599153362218704e-01
-6.119825326384379371e-01
-5.887475708354091841e-01
-5.662342827917962174e-01
-5.444224721570523062e-01
-5.232924814908250788e-01
-5.028251805339021274e-01
-4.830019546798571262e-01
-4.638046936065176595e-01
-4.452157801442431784e-01
-4.272180792552020545e-01
-4.097949272150234745e-01
-3.929301210114901077e-01
-3.766079079207289571e-01
-3.608129753454634714e-01
-3.455304407860811389e-01
-3.307458420262995857e-01
-3.164451275332432201e-01
-3.026146470635995844e-01
-2.892411425150462345e-01
-2.763117389467573126e-01
-2.638139357823949815e-01
-2.517355982527628155e-01
-2.400649490388742091e-01
-2.287905601499726216e-01
-2.179013449709018002e-01
-2.073865504929271186e-01
-1.972357497712907137e-01
-1.874388345795469646e-01
-1.779860082917760489e-01
-1.688677789282037878e-01
-1.600749523753002557e-01
-1.515986258130182784e-01
-1.434301813425050420e-01
-1.355612798328018620e-01
-1.279838549004841119e-01
-1.206901070790904335e-01
-1.136724981614442298e-01
-1.069237457601631691e-01
-1.004368180511783920e-01
-9.420492861932638906e-02
-8.822153152190199965e-02
-8.248031654831090853e-02
-7.697520460171890233e-02
-7.170034326060155394e-02
-6.665010249681915799e-02
-6.181907056530774186e-02
-5.720205006396582997e-02
-5.279405412881892079e-02
-4.859030278933275382e-02
-4.458621945952909865e-02
-4.077742760700314717e-02
-3.715974757958240282e-02
-3.372919355195733160e-02
-3.048197062313685521e-02
-2.741447204243506464e-02
-2.452327660921806499e-02
-2.180514621625871674e-02
-1.925702350412256125e-02
-1.687602966297198359e-02
-1.465946235557040976e-02
-1.260479380263542469e-02
-1.070966900344376069e-02
-8.971904067515945255e-03
-7.389484685490234003e-03
-5.960564711164772697e-03
-4.683464907477742287e-03
-3.556671809463140578e-03
-2.578836705421157401e-03
-1.748774759333157798e-03
-1.065464203981540334e-03
-5.280457495467448656e-04
-1.358220558882131807e-04
1.117426628829648703e-04
2.150228815378737741e-04
1.742319618205243818e-04
-1.057788181491807812e-05
-3.395156541728804479e-04
-8.128518015013837771e-04
-1.431018584654173212e-03
-2.194610483845693596e-03
-3.104384824769300128e-03
-4.161262492104596429e-03
-5.366328712137383855e-03
-6.720834059880927656e-03
-8.226195452984197409e-03
-9.883997387700795348e-03
-1.169599324915774306e-02
-1.366410669000175417e-02
-1.579043325432494954e-02
-1.807724196154055288e-02
-2.052697715417779040e-02
-2.314226040183937558e-02
-2.592589248414753009e-02
-2.888085562445464813e-02
-3.201031567425133284e-02
-3.531762457184633303e-02
-3.880632283546470163e-02
-4.248014218487778521e-02
-4.634300832725548464e-02
-5.039904380834032277e-02
-5.465257104588538278e-02
-5.910811542670788704e-02
-6.377040856157659143e-02
-6.864439167293891197e-02
-7.373521902175834974e-02
-7.904826156838397344e-02
-8.458911069648918091e-02
-9.036358205459339710e-02
-9.637771955789320444e-02
-1.026377993827389395e-01
-1.091503342745313160e-01
-1.159220778400827934e-01
-1.229600289985157552e-01
-1.302714365661882812e-01
-1.378638038421328149e-01
-1.457448934744342839e-01
-1.539227323607368081e-01
-1.624056166592288131e-01
-1.712021169309170809e-01
-1.803210832654768836e-01
-1.897716507037216505e-01
-1.995632446842558194e-01
-2.097055865579618983e-01
-2.202086992553409783e-01
-2.310829128882410655e-01
-2.423388706620955568e-01
-2.539875348020365076e-01
-2.660401924898817549e-01
-2.785084619719172538e-01
-2.914042985685668108e-01
-3.047400009213134808e-01
-3.185282173834205199e-01
-3.327819521074939502e-01
-3.475145716759573400e-01
-3.627398111865981489e-01
-3.784717807788305910e-01
-3.947249722791048576e-01
-4.115142653879824697e-01
-4.288549344412509456e-01
-4.467626545348148959e-01
-4.652535080910716880e-01
-4.843439914588287820e-01
-5.040510209953205090e-01
-5.243919396849819892e-01
-5.453845230535102617e-01
-5.670469853933368665e-01
-5.893979860649454228e-01
-6.124566351315060553e-01
-6.362424993550173102e-01
-6.607756077048171361e-01
-6.860764566508185114e-01
-7.121660158138424235e-01
-7.390657326250724690e-01
-7.667975373367357239e-01
-7.953838473578217494e-01
-8.248475713180030144e-01
-8.552121132844779927e-01
-8.865013758935957888e-01
-9.187397637433157849e-01
-9.519521857779941199e-01
-9.861640574890162547e-01
-1.021401302743359052e+00
-1.057690354780238540e+00
-1.095058156936677296e+00
-1.133532162261323251e+00
-1.173140332760035376e+00
-1.213911138076291918e+00
-1.255873552996974452e+00
-1.299057054482965157e+00
-1.343491617325314191e+00
-1.389207709368126764e+00
-1.436236285615537511e+00
-1.484608780533820838e+00
-1.534357100275917762e+00
-1.585513613067304872e+00
-1.638111138387223775e+00
-1.692182934916392822e+00
-1.747762686332900550e+00
-1.804884486515056619e+00
-1.863582822652182225e+00
-1.923892556603242099e+00
-1.985848904620901578e+00
-2.049487414346759628e+00
-2.114843940837183300e+00
-2.181954619975704279e+00
-2.250855839518086654e+00
-2.321584208023144136e+00
-2.394176520398864749e+00
-2.468669721984072751e+00
-2.545100869330143567e+00
-2.623507087903765189e+00
-2.703925527152403419e+00
-2.786393311368249304e+00
-2.870947488288863259e+00
-2.957624973983372652e+00
-3.046462493430789564e+00
-3.137496518285049607e+00
-3.230763198782189427e+00
-3.326298293144244855e+00
-3.424137092370059587e+00
-3.524314339593107803e+00
-3.626864145854262311e+00
-3.731819898967194682e+00
-3.839214169027841184e+00
-3.949078608218796749e+00
-4.061443844225574473e+00
-4.176339369225622100e+00
-4.293793420252344895e+00
-4.413832856075312172e+00
-4.536483026663409746e+00
-4.661767635509339591e+00
-4.789708595554345472e+00
-4.920325877408520121e+00
-5.053637350296837916e+00
-5.189658616490341103e+00
-5.328402836810628429e+00
-5.469880548597996217e+00
-5.614099474888190500e+00
-5.761064325315037316e+00
-5.910776589474703080e+00
-6.063234320361159391e+00
-6.218431909161724391e+00
-6.376359850538851681e+00
-6.537004498620039072e+00
-6.700347814735780005e+00
-6.866367104450794123e+00
-7.035034745303733850e+00
-7.206317904511895023e+00
-7.380178246851269996e+00
-7.556571634327063691e+00
-7.735447814701222669e+00
-7.916750100542607527e+00
-8.100415038564229064e+00
-8.286372070226059705e+00
-8.474543183793020518e+00
-8.664842555098584143e+00
-8.857176182051297531e+00
-9.051441510435108029e+00
-9.247527051188162872e+00
-9.445311991880251057e+00
-9.644665799426084263e+00
-9.845447818813774177e+00
-1.004750686678946536e+01
-1.025068082029971350e+01
-1.045479620329260761e+01
-1.065966776894207513e+01
-1.086509808378983877e+01
-1.107087711173156030e+01
-1.127678179957244176e+01
-1.148257566796893236e+01
-1.168800840553294940e+01
-1.189281547319573029e+01
-1.209671771744732993e+01
-1.229942099586207860e+01
-1.250061581855715964e+01
-1.269997700402908691e+01
-1.289716335960336657e+01
-1.309181738326489786e+01
-1.328356499361346721e+01
-1.347201529037585566e+01
-1.365676034717912479e+01
-1.383737504686826902e+01
-1.401341695709640511e+01
-1.418442625467051421e+01
-1.434992570232903475e+01
-1.450942067999075391e+01
-1.466239928214776000e+01
-1.480833248106277367e+01
-1.494667436493347168e+01
-1.507686245497713884e+01
-1.519831810592555676e+01
-1.531044700188161478e+01
-1.541263974776779655e+01
-1.550427256680510446e+01
-1.558470810769033044e+01
-1.565329636936535351e+01
-1.570937575093145000e+01
-1.575227423162117191e+01
-1.578131068944868787e+01
-1.579579636105411744e+01
-1.579503645100252385e+01
-1.577833189765218158e+01
-1.574498129870287677e+01
-1.569428300339676241e+01
-1.562553737234345164e+01
-1.553804921112451609e+01
-1.543113038045810015e+01
-1.530410258472562646e+01
-1.515630034049396713e+01
-1.498707412097722624e+01
-1.479579367992136696e+01
-1.458185155017913281e+01
-1.434466671180193664e+01
-1.408368842652199149e+01
-1.379840022445559811e+01
-1.348832403915851152e+01
-1.315302447814313780e+01
-1.279211321136951085e+01
-1.240525346614414204e+01
-1.199216460324127098e+01
-1.155262675748226009e+01
-1.108648551773315916e+01
-1.059365661639221656e+01
-1.007413060478258515e+01
-9.527977472353025945e+00
-8.955351184549158461e+00
-8.356494096419819329e+00
-7.731741200064490727e+00
-7.081524169665152968e+00
-6.406375149510106226e+00
-5.706930245202913810e+00
-4.983932668791164033e+00
-4.238235483446781693e+00
-3.470803904536785112e+00
-2.682717093978596701e+00
-1.875169406844796161e+00
-1.049471036793635292e+00
-2.070480076617586818e-01
6.505585278353479550e-01
1.521693740032075137e+00
2.404591352877470278e+00
3.297376696801180618e+00
4.198070613546831531e+00
5.104594233684319526e+00
6.014774658962706688e+00
6.926351543598333826e+00
7.836984589834706583e+00
8.744261942881781380e+00
9.645709470130253038e+00
1.053880090819115622e+01
1.142096882542630709e+01
1.228961636477226627e+01
1.314212969886587778e+01
1.397589112928102217e+01
1.478829275892100625e+01
1.557675063258646198e+01
1.633871925780340462e+01
1.707170638699222565e+01
1.777328795251134252e+01
1.844112302831575434e+01
1.907296868807774004e+01
1.966669463397994377e+01
2.022029745514175758e+01
2.073191438891215554e+01
2.119983644959121349e+01
2.162252079563920049e+01
2.199860221757751333e+01
2.232690362593968914e+01
2.260644543947899265e+01
2.283645377633061457e+01
2.301636737434108682e+01
2.314584317500570165e+01
2.322476051779155526e+01
2.325322392315218067e+01
2.323156442852356207e+01
2.316033947225083622e+01
2.304033130479128388e+01
2.287254389193573445e+01
2.265819824861433318e+01
2.239872607985553188e+01
2.209576157118648609e+01
2.175113112013940864e+01
2.136684079374671796e+01
2.094506136771946814e+01
2.048811095046152175e+01
1.999843546464814992e+01
1.947858756845310424e+01
1.893120488671604207e+01
1.835898863725707031e+01
1.776468376113813719e+01
1.715106158471521880e+01
1.652090580988177138e+01
1.587700235899487211e+01
1.522213324182399319e+01
1.455907401232278531e+01
1.389059321525929924e+01
1.321945012138197129e+01
1.254838396381225962e+01
1.188008491149768631e+01
1.121713736617826562e+01
1.056193523909557719e+01
9.916590755833004422e+00
9.282886219161461838e+00
8.662326215841806842e+00
8.056305613305042357e+00
7.466324360140162320e+00
6.894123325206370723e+00
6.341654007536571491e+00
5.810903894901527700e+00
5.303679407557331693e+00
4.821442251419290947e+00
4.365235944985753846e+00
3.935687771869286866e+00
3.533052867391987650e+00
3.157272445156322771e+00
2.808030439556048474e+00
2.484802583918809482e+00
2.186897190859299123e+00
1.913488884513518729e+00
1.663646853685366134e+00
1.436358906259674884e+00
1.230552213370972536e+00
1.045111313380457929e+00
8.788937327432596591e-01
7.307434590897249338e-01
5.995024416545742252e-01
4.840202762077614462e-01
3.831622416799547737e-01
2.958158826522814255e-01
2.208963647935687502e-01
1.573508710411023193e-01
1.041623492372661386e-01
6.035296484218637125e-02
2.498765614963646686e-02
-2.821779035329705261e-03
-2.391164595123691436e-02
-3.906006529851800690e-02
-4.897941182564246460e-02
-5.430809081013958373e-02
-5.560321686871512459e-02
-5.333666878046737503e-02
-4.789684924050359449e-02
-3.959585418672451756e-02
-2.867677553817656044e-02
-1.531287742711433947e-02
