2.613584117822157372e-03
9.716816206034091519e-02
2.092277296478250448e-01
3.412325633106332301e-01
4.964160115263569484e-01
6.786266695591424147e-01
8.922415381862283112e-01
1.142159841555025812e+00
1.433844556874430465e+00
1.773383377858801513e+00
2.167551717061994232e+00
2.623868739493317559e+00
3.150641723090871871e+00
3.756995782943096884e+00
4.452885724117745525e+00
5.249085670358479838e+00
6.157150963499303131e+00
7.189345947798614134e+00
8.358531623621468398e+00
9.678008426160124245e+00
1.116131167394811996e+01
1.282195958619957388e+01
1.467315578647716201e+01
1.672744972683124587e+01
1.899635987941670123e+01
2.148996756732748281e+01
2.421649466395315997e+01
2.718188753801608826e+01
3.038944243325990868e+01
3.383952315494911289e+01
3.752943874526322787e+01
4.145356305605620406e+01
4.560378431339906768e+01
4.997036156609662783e+01
5.454322583237090072e+01
5.931368192099908754e+01
6.427633783030213976e+01
6.943091258068427862e+01
7.478336876701405345e+01
8.034564204063067905e+01
8.613338320038955942e+01
9.216184428012596186e+01
9.844075223268792740e+01
1.049693789869694882e+02
1.117331081807222404e+02
1.187021924060854730e+02
1.258324777962162955e+02
1.330673158063553956e+02
1.403398352434802234e+02
1.475750043878635438e+02
1.546912323478656788e+02
1.616015178933770642e+02
1.682143185491099189e+02
1.744343834182173225e+02
1.801637834677454464e+02
1.853033089688838402e+02
1.897542970552174211e+02
1.934208189455145543e+02
1.962120196736190394e+02
1.980442998523669758e+02
1.988430170476347314e+02
1.985434848821969354e+02
1.970912412338985575e+02
1.944417651357264845e+02
1.905599504726237683e+02
1.854196523488254229e+02
1.790035180111960926e+02
1.713031663772314062e+02
1.623196528566084282e+02
1.520640849273038953e+02
1.405582430488842931e+02
1.278350880618536394e+02
1.139390779607116997e+02
9.892625602477922087e+01
8.286410130769090188e+01
6.583115069281558362e+01
4.791641101359670785e+01
2.921858391397902110e+01
9.845126964422640015e+00
-1.008882535277796322e+01
-3.046165768842736910e+01
-5.114656406696889945e+01
-7.201290938775494510e+01
-9.292763953287581558e+01
-1.137567169970421901e+02
-1.343665595102559962e+02
-1.546254592128179013e+02
-1.744049607324718068e+02
-1.935811775809197002e+02
-2.120360278813033403e+02
-2.296583721742880755e+02
-2.463450383000753732e+02
-2.620017208730667448e+02
-2.765437453927060005e+02
-2.898966900794985690e+02
-3.019968611644337670e+02
-3.127916202998134168e+02
-3.222395654355238435e+02
-3.303105689033490648e+02
-3.369856790632406387e+02
-3.422568935960421754e+02
-3.461268144394625779e+02
-3.486081956365871974e+02
-3.497233965286217767e+02
-3.495037535868885925e+02
-3.479888844007488728e+02
-3.452259376569867868e+02
-3.412688026628385387e+02
-3.361772917223210584e+02
-3.300163080344593141e+02
-3.228550109771800862e+02
-3.147659898318149203e+02
-3.058244557285966039e+02
-2.961074607149134295e+02
-2.856931516466558492e+02
-2.746600653222311621e+02
-2.630864701612248382e+02
-2.510497585590321989e+02
-2.386258929296942881e+02
-2.258889075177967243e+02
-2.129104669627022872e+02
-1.997594817071408215e+02
-1.865017796595436437e+02
-1.731998327893823273e+02
-1.599125367015590484e+02
-1.466950407560794361e+02
-1.335986259006034800e+02
-1.206706270075982133e+02
-1.079543963849847330e+02
-9.548930488499236446e+01
-8.331077691889186099e+01
-7.145035578634549722e+01
-5.993579560157053976e+01
-4.879117630440362063e+01
-3.803703832598304757e+01
-2.769053353369332982e+01
-1.776558941290665672e+01
-8.273083548178519209e+00
7.789742941245569874e-01
9.385254980638700673e+00
1.754292000175291122e+01
2.525143062576703556e+01
3.251235804798447049e+01
3.932919612166541867e+01
4.570717802076291747e+01
5.165309804825004392e+01
5.717513956428356892e+01
6.228270983485317913e+01
6.698628243387739190e+01
7.129724769643023308e+01
7.522777160587435219e+01
7.879066333572487224e+01
8.199925152342723322e+01
8.486726936045461400e+01
8.740874839980119759e+01
8.963792097564893879e+01
9.156913103228964701e+01
9.321675308122092929e+01
9.459511903191345539e+01
9.571845255394724461e+01
9.660081063123294598e+01
9.725603194727875689e+01
9.769769166074010514e+01
9.793906225201423865e+01
9.799307999286057225e+01
9.787231667228290632e+01
9.758895619267957500e+01
9.715477563678888373e+01
9.658113044463718211e+01
9.587894334499146964e+01
9.505869670202629607e+01
9.413042794336732300e+01
9.310372774902802462e+01
9.198774072190170159e+01
9.079116825530620360e+01
8.952227334302239115e+01
8.818888707660826753e+01
8.679841661425932386e+01
8.535785440897792853e+01
8.387378850148698461e+01
8.235241371195967020e+01
8.079954355172253599e+01
7.922062271931318378e+01
7.762074004420969686e+01
7.600464175574356318e+01
7.437674497615066116e+01
7.274115132623602165e+01
7.110166057402392426e+01
6.946178424337597335e+01
6.782475910904990712e+01
6.619356053551500452e+01
6.457091559098415701e+01
6.295931590776889664e+01
6.136103024823815844e+01
5.977811673974450457e+01
5.821243476728116661e+01
5.666565648662741239e+01
5.513927795941970089e+01
5.363462988751354743e+01
5.215288793511170695e+01
5.069508265394252078e+01
4.926210898542844774e+01
4.785473535837600423e+01
4.647361237487852748e+01
4.511928108478863919e+01
4.379218087691208439e+01
4.249265696489988642e+01
4.122096750189881931e+01
3.997729032002833804e+01
3.876172929911091813e+01
3.757432039797889445e+01
3.641503733648990249e+01
3.528379695876837019e+01
3.418046427743882987e+01
3.310485720578397917e+01
3.205675101163841134e+01
3.103588249180476311e+01
3.004195387798929673e+01
2.907463649108692039e+01
2.813357414000809698e+01
2.721838631027794264e+01
2.632867112578052016e+01
2.546400810084135458e+01
2.462396070396168213e+01
2.380807871500022443e+01
2.301590042821701942e+01
2.224695468172611257e+01
2.150076272846068903e+01
2.077683996713545511e+01
2.007469751255790769e+01
1.939384365880635741e+01
1.873378521387622797e+01
1.809402871388300227e+01
1.747408153666059150e+01
1.687345289811161209e+01
1.629165477426630559e+01
1.572820272789876661e+01
1.518261665024508389e+01
1.465442143292125543e+01
1.414314755136066104e+01
1.364833160079829533e+01
1.316951676685583905e+01
1.270625323337530332e+01
1.225809854675726029e+01
1.182461790918826772e+01
1.140538445158458458e+01
1.099997945920658360e+01
1.060799255121723128e+01
1.022902183179879287e+01
9.862673994618834428e+00
9.508564418925436357e+00
9.166317232793927516e+00
8.835565333895148754e+00
8.515950408562538598e+00
8.207122920633576513e+00
7.908742084492722313e+00
7.620475822724344539e+00
7.342000697051111580e+00
7.073001842320439714e+00
6.813172877621716417e+00
6.562215811704176005e+00
6.319840937886205268e+00
6.085766709726319945e+00
5.859719627197619296e+00
5.641434104888407575e+00
5.430652339178450916e+00
5.227124169859639125e+00
5.030606928511538456e+00
4.840865300339886268e+00
4.657671171764269147e+00
4.480803480279807793e+00
4.310048063378818739e+00
4.145197497062343750e+00
3.986050947841498715e+00
3.832414016206068474e+00
3.684098582636653685e+00
3.540922655937271735e+00
3.402710213021089558e+00
3.269291050558678080e+00
3.140500635611956692e+00
3.016179956318434385e+00
2.896175374858367846e+00
2.780338475058678593e+00
2.668525924926401505e+00
2.560599334990624421e+00
2.456425118046609679e+00
2.355874354524353009e+00
2.258822651461326103e+00
2.165150016146571321e+00
2.074740726551949077e+00
1.987483204012269855e+00
1.903269891657597634e+00
1.821997126564404601e+00
1.743565025634812971e+00
1.667877370866207132e+00
1.594841494666559889e+00
1.524368171060413557e+00
1.456371503038534909e+00
1.390768821217557294e+00
1.327480582180645241e+00
1.266430267383970021e+00
1.207544287391588478e+00
1.150751883374234508e+00
1.095985037875690793e+00
1.043178385869595104e+00
9.922691269379885215e-01
9.431969415448924199e-01
8.959039051889262639e-01
8.503344111451840437e-01
8.064350935467093917e-01
7.641547511056860920e-01
7.234442740288820062e-01
6.842565707642730422e-01
6.465465017328663189e-01
6.102708128189524572e-01
5.753880678757935518e-01
5.418585874261728774e-01
5.096443877591532168e-01
4.787091213833569725e-01
4.490180200706566649e-01
4.205378386206899410e-01
3.932368017408031102e-01
3.670845519577107807e-01
3.420520992352140688e-01
3.181117721203087223e-01
2.952371700005358979e-01
2.734031180454551957e-01
2.525856230169239436e-01
2.327618304292828066e-01
2.139099831025719489e-01
1.960093810793913371e-01
1.790403434157454843e-01
1.629841709057787691e-01
1.478231099107109037e-01
1.335403175409533016e-01
1.201198282397765715e-01
1.075465215702132993e-01
9.580609100710497927e-02
8.488501372787424226e-02
7.477052162288565229e-02
6.545057372515883376e-02
5.691382929186708517e-02
4.914962207780998460e-02
4.214793536561324550e-02
3.589937802956671975e-02
3.039516248360028816e-02
2.562708218015505995e-02
2.158749092728304633e-02
1.826928264148214298e-02
1.566587216860230308e-02
1.377117775640611906e-02
1.257960283949445708e-02
1.208602006224017943e-02
1.228575514928302061e-02
1.317457225942253798e-02
1.474866024891901238e-02
1.700461902054455424e-02
1.993944743717045512e-02
2.355053115657834706e-02
2.783563241956956563e-02
3.279287974013466583e-02
3.842075828237669077e-02
4.471810197571269435e-02
5.168408487519780131e-02
5.931821527236397218e-02
6.762032855254754282e-02
7.659058156935315276e-02
8.622944874699592366e-02
9.653771696238175326e-02
1.075164842147477429e-01
1.191671548080367321e-01
1.314914380222378942e-01
1.444913487491213677e-01
1.581692050388718851e-01
1.725276316523440268e-01
1.875695571421569230e-01
2.032982175690172533e-01
2.197171626383840337e-01
2.368302524805846465e-01
2.546416677369340298e-01
2.731559112872918305e-01
2.923778144041277449e-01
3.123125467653461440e-01
3.329656160421505251e-01
3.543428833114131704e-01
3.764505682152137767e-01
3.992952575599111875e-01
4.228839212665583269e-01
4.472239134920712456e-01
4.723229918959672147e-01
4.981893282940288992e-01
5.248315191230525922e-01
5.522586066129538951e-01
5.804800800666558569e-01
6.095059020014075291e-01
6.393465215372455823e-01
6.700128862220153803e-01
7.015164695174522791e-01
7.338692714836930753e-01
7.670838506158508263e-01
8.011733393346519572e-01
8.361514572667138046e-01
8.720325446222050303e-01
9.088315604830682348e-01
9.465641202475720828e-01
9.852465093675744079e-01
1.024895702568738853e+00
1.065529397528415023e+00
1.107166013864565368e+00
1.149824720633389807e+00
1.193525469625354329e+00
1.238289000900614445e+00
1.284136880300923877e+00
1.331091492876627091e+00
1.379176073136233249e+00
1.428414734443347323e+00
1.478832468280671719e+00
1.530455193251927914e+00
1.583309695137961493e+00
1.637423734551674670e+00
1.692825992537777324e+00
1.749546099037207147e+00
1.807614662328255628e+00
1.867063228353836646e+00
1.927924307981738306e+00
1.990231387338224911e+00
2.054018899466846459e+00
2.119322250613548952e+00
2.186177758163470930e+00
2.254622661013868878e+00
2.324695108017129197e+00
2.396434108607241598e+00
2.469879536830672073e+00
2.545072035482903505e+00
2.622052994245426039e+00
2.700864516532813564e+00
2.781549328091281303e+00
2.864150745911999696e+00
2.948712533603070618e+00
3.035278837893186754e+00
3.123894115935357707e+00
3.214602980233972840e+00
3.307450114805892571e+00
3.402480064075579680e+00
3.499737118278534620e+00
3.599265186736523070e+00
3.701107500413932438e+00
3.805306486939848298e+00
3.911903520605456208e+00
4.020938659154673189e+00
4.132450422454066796e+00
4.246475402684190215e+00
4.363048024601220654e+00
4.482200181990305232e+00
4.603960840443414249e+00
4.728355691404888539e+00
4.855406601805890787e+00
4.985131237400072912e+00
5.117542536476498150e+00
5.252648135690226816e+00
5.390449853916666534e+00
5.530942933877855516e+00
5.674115483310415264e+00
5.819947725302821340e+00
5.968411194321244118e+00
6.119468000863601098e+00
6.273069804682477546e+00
6.429157001529175020e+00
6.587657687775015702e+00
6.748486590191517642e+00
6.911544015039106093e+00
7.076714504612127143e+00
7.243865642708554375e+00
7.412846761681271879e+00
7.583487443654493454e+00
7.755596108772408570e+00
7.928958268416079314e+00
8.103334926390655113e+00
8.278460853301217170e+00
8.454042642016331044e+00
8.629756892574295790e+00
8.805247738671919677e+00
8.980125221894841303e+00
9.153962614871989700e+00
9.326294166860076729e+00
9.496612668141102276e+00
9.664366634339129902e+00
9.828957682458534961e+00
9.989737722566488287e+00
1.014600589553522347e+01
1.029700559755722900e+01
1.044192103586499520e+01
1.057987401297213736e+01
1.070992051273218415e+01
1.083104702908181416e+01
1.094216698366529350e+01
1.104211666370795264e+01
1.112965144877219537e+01
1.120344179494744630e+01
1.126206902633082407e+01
1.130402121046073027e+01
1.132768858487655272e+01
1.133135932940685109e+01
1.131321512476852220e+01
1.127132658601910009e+01
1.120364880403752039e+01
1.110801648758264193e+01
1.098213964344539306e+01
1.082359909373492712e+01
1.062984168102829052e+01
1.039817607867478877e+01
1.012576836338399744e+01
9.809637852625417764e+00
9.446653162554929040e+00
9.033528178655689800e+00
8.566818747571639747e+00
8.042919312043464330e+00
7.458060083361150561e+00
6.808304639644275014e+00
6.089547664970762497e+00
5.297513761767805640e+00
4.427756444589437734e+00
3.475658050797790111e+00
2.436430369365297111e+00
1.305115863406615118e+00
7.659029807307163318e-02
-1.254434050731633166e+00
-2.693403718615634990e+00
-4.245918275321663771e+00
-5.917723420699128489e+00
-7.714702227174762506e+00
-9.642864940852108546e+00
-1.170833725054003516e+01
-1.391734648019865972e+01
-1.627620615734181442e+01
-1.879129816723755653e+01
-2.146905268036677583e+01
-2.431592609645496594e+01
-2.733837604062615867e+01
-3.054283417514871246e+01
-3.393567607153403998e+01
-3.752318805649756683e+01
-4.131153142922167376e+01
-4.530670329078978398e+01
-4.951449457102106777e+01
-5.394044448961994931e+01
-5.858979170704105144e+01
-6.346742240576428173e+01
-6.857781471878627144e+01
-7.392498006545075384e+01
-7.951240097150486008e+01
-8.534296559445218122e+01
-9.141889921017133247e+01
-9.774169263741839586e+01
-1.043120281678986601e+02
-1.111297025284511761e+02
-1.181935476898731139e+02
-1.255013497973022965e+02
-1.330497666983481793e+02
-1.408342446298477171e+02
-1.488489341005287940e+02
-1.570866062970199835e+02
-1.655385700061815442e+02
-1.741945906276345397e+02
-1.830428119735033192e+02
-1.920696807671444617e+02
-2.012598764539325487e+02
-2.105962460179796949e+02
-2.200597461095485130e+02
-2.296293935998524205e+02
-2.392822244117496666e+02
-2.489932642299420422e+02
-2.587355105058965137e+02
-2.684799286576297277e+02
-2.781954637871949672e+02
-2.878490678710246584e+02
-2.974057460732225309e+02
-3.068286212953755125e+02
-3.160790206785786722e+02
-3.251165840749082463e+02
-3.338993945661698604e+02
-3.423841345706261450e+02
-3.505262651663171027e+02
-3.582802325186586927e+02
-3.655997000327404294e+02
-3.724378048268797556e+02
-3.787474414994099448e+02
-3.844815686527629168e+02
-3.895935414791256335e+02
-3.940374660896786736e+02
-3.977685727589767453e+02
-4.007436091414625139e+02
-4.029212463844709191e+02
-4.042624995302096522e+02
-4.047311551326107519e+02
-4.042942012365088544e+02
-4.029222583376404145e+02
-4.005900019769466098e+02
-3.972765762945907113e+02
-3.929659893659938348e+02
-3.876474837191017286e+02
-3.813158793420842585e+02
-3.739718791754808080e+02
-3.656223348448270372e+02
-3.562804637882269958e+02
-3.459660120011744198e+02
-3.347053595706973965e+02
-3.225315616618685794e+02
-3.094843237306924948e+02
-2.956099053478712904e+02
-2.809609509367643909e+02
-2.655962471239486717e+02
-2.495804056780108340e+02
-2.329834735921403137e+02
-2.158804717394525028e+02
-1.983508660477835122e+02
-1.804779756822239563e+02
-1.623483247763615793e+02
-1.440509434560002546e+02
-1.256766266096963278e+02
-1.073171599376449734e+02
-8.906452194887778262e+01
-7.101007396136020589e+01
-5.324374666898154373e+01
-3.585323612422904915e+01
-1.892322055564858729e+01
-2.534607133518032462e+00
1.323617874061510058e+01
2.831785539047386280e+01
4.264488951619836143e+01
5.615803779867300705e+01
6.880482592610002257e+01
8.053996427145162329e+01
9.132570831394352240e+01
1.011321679835942291e+02
1.099375691833864011e+02
1.177284699113506434e+02
1.244999148456340663e+02
1.302555057187638567e+02
1.350073436551598149e+02
1.387757951261023095e+02
1.415890466056698074e+02
1.434824287521946076e+02
1.444975337007462315e+02
1.446811738513339662e+02
1.440842547578105268e+02
1.427606380239403165e+02
1.407660563930134572e+02
1.381571422271604774e+02
1.349906469467231034e+02
1.313229814880117203e+02
1.272102701293407989e+02
1.227091210578848290e+02
1.178781171161624428e+02
1.127794822562473058e+02
1.074794751778464246e+02
1.020454152177506586e+02
9.653824721033578271e+01
9.100305734777188604e+01
8.546393287497419067e+01
7.992894635125257707e+01
7.440385350033416501e+01
6.890566529210948943e+01
6.346771062588896939e+01
5.813528150181316789e+01
5.295703003330253011e+01
4.797747480102055562e+01
4.323286318052288379e+01
3.875001517882364510e+01
3.454688533323501787e+01
3.063379139029341047e+01
2.701473193172278542e+01
2.368857041347649428e+01
2.065004152390373449e+01
1.789060100959256516e+01
1.539915078769265833e+01
1.316266477450487749e+01
1.116673179789641956e+01
9.396025436636634254e+00
7.834706843877876636e+00
6.466764701982030239e+00
5.276296101682502737e+00
4.247732074639837485e+00
3.366012329201404807e+00
2.616714482713352385e+00
1.986143593762053516e+00
1.461388595837252335e+00
1.030352621485930875e+00
6.817646867560930302e-01
4.051808701994772943e-01
1.909841684781725391e-01
3.039266185239022228e-02
-8.451562186816705124e-02
-1.607551651093316880e-01
-2.043704156054531318e-01
-2.203863271817158298e-01
-2.128181669134305565e-01
-1.847716077516965427e-01
-1.385842820535841402e-01
-7.586943597780412829e-02
